Ag (Z = 47) Atomic weight: Ar = 107.8682 g mol-1   Nominal density:   ? (g cm-3) = 1.0480E+01
sigma(barns/atom) = [mue/rho](cm2 g-1)  ×  1.79119E+02
E(eV) [mue/rho](cm2 g-1) = f2(e atom-1)  ×  3.90109E+05 
14 edges. Edge energies (keV):
K      2.55140E+01  
L I    3.80580E+00  
L II   3.52370E+00  
L III  3.35110E+00 
M I    7.17500E-01  
M II   6.02400E-01  
M III  5.71400E-01  
M IV   3.72800E-01 
M V    3.66700E-01  
N I    9.52000E-02  
N II   6.26000E-02  
N III  5.59000E-02 
N IV   3.30000E-03  
N V    3.30000E-03 
Data
E/keV            [mue/rho]Photoelectric/cm2g-1
1.069000E-02  1.6775E+05
1.142761E-02  1.6744E+05
1.221612E-02  1.6651E+05
1.305903E-02  1.6495E+05
1.396010E-02  1.6268E+05
1.492335E-02  1.5963E+05
1.595306E-02  1.5586E+05
1.705382E-02  1.5145E+05
1.823053E-02  1.4647E+05
1.948844E-02  1.4104E+05
2.083314E-02  1.3522E+05
2.227063E-02  1.2913E+05
2.380730E-02  1.2284E+05
2.545001E-02  1.1645E+05
2.720606E-02  1.1003E+05
2.908327E-02  1.0364E+05
3.109002E-02  9.7352E+04
3.323523E-02  9.1213E+04
3.552846E-02  8.5263E+04
3.797993E-02  7.9537E+04
4.060054E-02  7.4059E+04
4.340198E-02  6.8847E+04
4.639671E-02  6.3911E+04
4.959809E-02  5.9258E+04
5.302035E-02  5.4888E+04
5.478200E-02  5.2849E+04
5.562050E-02  5.1925E+04
5.584410E-02  5.1683E+04
5.617950E-02  7.3446E+04
5.667876E-02  7.1677E+04
5.701800E-02  7.0527E+04
6.058959E-02  6.0486E+04
6.134800E-02  5.8750E+04
6.228700E-02  5.6700E+04
6.253740E-02  5.6150E+04
6.291300E-02  6.5461E+04
6.385200E-02  6.2625E+04
6.477028E-02  6.0099E+04
6.923942E-02  5.0409E+04
7.401695E-02  4.3330E+04
7.912411E-02  3.7899E+04
8.458368E-02  3.3503E+04
9.041995E-02  2.9815E+04
9.329600E-02  2.8273E+04
9.472400E-02  2.7562E+04
9.510480E-02  2.7378E+04
9.567600E-02  2.7884E+04
9.665893E-02  2.7434E+04
9.710400E-02  2.7235E+04
1.033284E-01  2.4722E+04
1.104581E-01  2.2339E+04
1.180797E-01  2.0224E+04
1.262272E-01  1.8336E+04
1.349368E-01  1.6642E+04
1.442475E-01  1.5118E+04
1.542005E-01  1.3743E+04
1.648404E-01  1.2500E+04
1.762144E-01  1.1372E+04
1.883732E-01  1.0348E+04
2.013709E-01  9.4165E+03
2.152655E-01  8.5668E+03
2.301188E-01  7.7907E+03
2.459970E-01  7.0799E+03
2.629708E-01  6.4280E+03
2.811158E-01  5.8295E+03
3.005128E-01  5.2800E+03
3.212482E-01  4.7757E+03
3.434143E-01  4.3133E+03
3.593660E-01  4.0210E+03
3.648665E-01  3.9271E+03
3.653440E-01  3.9191E+03
3.663333E-01  3.9026E+03
3.671099E-01  8.2897E+03
3.685335E-01  8.3340E+03
3.709360E-01  8.4110E+03
3.724272E-01  8.4603E+03
3.740340E-01  1.1600E+04
3.746640E-01  1.1641E+04
3.802560E-01  1.2017E+04
3.924405E-01  1.2917E+04
4.195189E-01  1.5159E+04
4.484657E-01  1.6867E+04
4.794098E-01  1.7647E+04
5.124891E-01  1.7521E+04
5.478508E-01  1.6675E+04
5.599720E-01  1.6282E+04
5.685430E-01  1.5984E+04
5.708286E-01  1.5902E+04
5.742570E-01  1.7939E+04
5.828280E-01  1.7591E+04
5.856525E-01  1.7474E+04
5.903520E-01  1.7279E+04
5.993880E-01  1.6901E+04
6.017976E-01  1.6799E+04
6.054120E-01  1.7523E+04
6.144480E-01  1.7132E+04
6.260625E-01  1.6630E+04
6.692609E-01  1.4823E+04
7.031500E-01  1.3510E+04
7.139125E-01  1.3117E+04
7.154399E-01  1.3062E+04
7.167825E-01  1.3014E+04
7.210875E-01  1.3424E+04
7.318500E-01  1.3042E+04
7.648052E-01  1.1948E+04
8.175768E-01  1.0421E+04
8.739896E-01  9.0571E+03
9.342948E-01  7.8551E+03
9.987612E-01  6.8020E+03
1.067676E+00  5.8407E+03
1.141345E+00  5.0045E+03
1.220098E+00  4.2839E+03
1.304285E+00  3.6626E+03
1.394281E+00  3.1306E+03
1.490486E+00  2.6725E+03
1.593329E+00  2.2640E+03
1.703269E+00  1.9209E+03
1.820795E+00  1.6325E+03
1.946430E+00  1.3897E+03
2.080733E+00  1.1850E+03
2.224304E+00  1.0122E+03
2.377781E+00  8.6310E+02
2.541848E+00  7.3338E+02
2.717235E+00  6.2357E+02
2.904724E+00  5.3078E+02
3.105150E+00  4.4612E+02
3.284078E+00  3.8206E+02
3.319406E+00  3.7095E+02
3.334344E+00  3.6640E+02
3.347749E+00  3.6237E+02
3.367855E+00  1.2049E+03
3.418122E+00  1.1734E+03
3.453226E+00  1.1522E+03
3.506081E+00  1.1216E+03
3.520176E+00  1.1130E+03
3.541318E+00  1.5008E+03
3.548445E+00  1.4944E+03
3.594174E+00  1.4542E+03
3.729684E+00  1.3372E+03
3.786771E+00  1.2871E+03
3.793288E+00  1.2815E+03
3.801994E+00  1.2740E+03
3.824829E+00  1.4437E+03
3.881916E+00  1.3912E+03
4.055024E+00  1.2432E+03
4.334821E+00  1.0415E+03
4.633924E+00  8.7275E+02
4.953664E+00  7.3283E+02
5.295467E+00  6.1557E+02
5.660855E+00  5.1777E+02
6.051453E+00  4.3586E+02
6.469004E+00  3.6706E+02
6.915365E+00  3.0861E+02
7.392525E+00  2.5863E+02
7.902609E+00  2.1663E+02
8.447890E+00  1.8148E+02
9.030794E+00  1.5180E+02
9.653919E+00  1.2597E+02
1.032004E+01  1.0463E+02
1.103212E+01  8.6957E+01
1.179334E+01  7.2289E+01
1.260708E+01  6.0144E+01
1.347697E+01  5.0090E+01
1.440688E+01  4.1731E+01
1.540095E+01  3.4689E+01
1.646362E+01  2.8812E+01
1.759961E+01  2.3840E+01
1.881398E+01  1.9741E+01
2.011215E+01  1.6362E+01
2.149988E+01  1.3574E+01
2.298338E+01  1.1271E+01
2.456923E+01  9.3665E+00
2.500372E+01  8.9233E+00
2.538643E+01  8.5567E+00
2.548849E+01  8.4624E+00
2.564157E+01  5.4529E+01
2.602428E+01  5.2350E+01
2.626450E+01  5.1042E+01
2.807676E+01  4.2957E+01
3.001405E+01  3.6138E+01
3.208502E+01  3.0117E+01
3.429889E+01  2.5038E+01
3.666551E+01  2.0863E+01
3.919543E+01  1.7386E+01
4.189992E+01  1.4491E+01
4.479101E+01  1.2079E+01
4.788159E+01  1.0069E+01
5.118542E+01  8.3924E+00
5.471721E+01  6.9525E+00
5.849270E+01  5.7602E+00
6.252870E+01  4.7727E+00
6.684318E+01  3.9549E+00
7.145536E+01  3.2774E+00
7.638578E+01  2.7159E+00
8.165640E+01  2.2474E+00
8.729069E+01  1.8534E+00
9.331374E+01  1.5286E+00
9.975239E+01  1.2608E+00
1.066353E+02  1.0399E+00
1.139931E+02  8.5741E-01
1.218587E+02  7.0652E-01
1.302669E+02  5.8222E-01
1.392553E+02  4.7981E-01
1.488640E+02  3.9543E-01
1.591356E+02  3.2591E-01
1.701159E+02  2.6863E-01
1.818539E+02  2.2142E-01
1.944018E+02  1.8252E-01
2.078156E+02  1.5046E-01
2.221548E+02  1.2404E-01
2.374835E+02  1.0226E-01
2.538699E+02  8.4306E-02
2.713869E+02  6.9508E-02
2.901126E+02  5.7311E-02
3.101304E+02  4.7255E-02
3.315294E+02  3.8965E-02
3.544049E+02  3.2131E-02
3.788588E+02  2.6496E-02
4.050001E+02  2.1850E-02
4.329451E+02  1.8020E-02