As (Z = 33) Atomic weight: Ar = 74.92160 g mol-1   Nominal density:  rho (g cm-3) = 5.7200
sigma(barns/atom) = [mue/rho](cm2 g-1)  ×  1.24410E+02
E(eV) [mue/rho](cm2 g-1) = f2(e atom-1)  ×  5.61658E+05 
9 edges. Edge energies (keV):
K      1.18667E+01  
L I    1.52650E+00  
L II   1.35860E+00  
L III  1.32310E+00 
M I    2.03500E-01  
M II   1.46400E-01  
M III  1.40500E-01  
M IV   4.12000E-02 
M V    4.12000E-02 
Data
E/keV            [mue/rho]Photoelectric/cm2g-1
4.140600E-02  9.1967E+03
4.202400E-02  9.7099E+03
4.340198E-02  1.0929E+04
4.639671E-02  1.3940E+04
4.959809E-02  1.7489E+04
5.302035E-02  2.1481E+04
5.667876E-02  2.5836E+04
6.058959E-02  3.0438E+04
6.477028E-02  3.5139E+04
6.923942E-02  3.9773E+04
7.401695E-02  4.4166E+04
7.912411E-02  4.8146E+04
8.458368E-02  5.1564E+04
9.041995E-02  5.4293E+04
9.665893E-02  5.6248E+04
1.033284E-01  5.7381E+04
1.104581E-01  5.7686E+04
1.180797E-01  5.7192E+04
1.262272E-01  5.5963E+04
1.349368E-01  5.4086E+04
1.376900E-01  5.3405E+04
1.397975E-01  5.2862E+04
1.403595E-01  5.2715E+04
1.412025E-01  5.4328E+04
1.433100E-01  5.3823E+04
1.434720E-01  5.3784E+04
1.442475E-01  5.3595E+04
1.456680E-01  5.3245E+04
1.462536E-01  5.3100E+04
1.471320E-01  5.3660E+04
1.493280E-01  5.3134E+04
1.542005E-01  5.1947E+04
1.648404E-01  4.9280E+04
1.762144E-01  4.6334E+04
1.883732E-01  4.3165E+04
1.994300E-01  4.0359E+04
2.013709E-01  3.9878E+04
2.024825E-01  3.9604E+04
2.032965E-01  3.9405E+04
2.045175E-01  4.0753E+04
2.075700E-01  4.0010E+04
2.152655E-01  3.8189E+04
2.301188E-01  3.4892E+04
2.459970E-01  3.1684E+04
2.629708E-01  2.8609E+04
2.811158E-01  2.5702E+04
3.005128E-01  2.2984E+04
3.212482E-01  2.0471E+04
3.434143E-01  1.8165E+04
3.671099E-01  1.6067E+04
3.924405E-01  1.4170E+04
4.195189E-01  1.2465E+04
4.484657E-01  1.0940E+04
4.794098E-01  9.5810E+03
5.124891E-01  8.3754E+03
5.478508E-01  7.3091E+03
5.856525E-01  6.3681E+03
6.260625E-01  5.5385E+03
6.692609E-01  4.8090E+03
7.154399E-01  4.1697E+03
7.648052E-01  3.6111E+03
8.175768E-01  3.1054E+03
8.739896E-01  2.6652E+03
9.0000000E-01  2.4918E+03
9.0450000E-01  2.4634E+03
9.0902250E-01  2.4354E+03
9.1356761E-01  2.4077E+03
9.1813545E-01  2.3803E+03
9.2272613E-01  2.3532E+03
9.2733976E-01  2.3264E+03
9.3197646E-01  2.3000E+03
9.3663634E-01  2.2738E+03
9.4131952E-01  2.2479E+03
9.4602612E-01  2.2224E+03
9.5075625E-01  2.1971E+03
9.5551003E-01  2.1721E+03
9.6028758E-01  2.1474E+03
9.6508902E-01  2.1230E+03
9.6991446E-01  2.0989E+03
9.7476404E-01  2.0751E+03
9.7963786E-01  2.0515E+03
9.8453605E-01  2.0282E+03
9.8945873E-01  2.0052E+03
9.9440602E-01  1.9824E+03
9.9937805E-01  1.9599E+03
1.0043749E+00  1.9346E+03
1.0093968E+00  1.9092E+03
1.0144438E+00  1.8841E+03
1.0195160E+00  1.8594E+03
1.0246136E+00  1.8351E+03
1.0297367E+00  1.8110E+03
1.0348853E+00  1.7873E+03
1.0400598E+00  1.7639E+03
1.0452601E+00  1.7409E+03
1.0504864E+00  1.7182E+03
1.0557388E+00  1.6957E+03
1.0610175E+00  1.6736E+03
1.0663226E+00  1.6518E+03
1.0716542E+00  1.6303E+03
1.0770125E+00  1.6091E+03
1.0823975E+00  1.5882E+03
1.0878095E+00  1.5676E+03
1.0932486E+00  1.5472E+03
1.0987148E+00  1.5271E+03
1.1042084E+00  1.5074E+03
1.1097294E+00  1.4878E+03
1.1152781E+00  1.4686E+03
1.1208545E+00  1.4496E+03
1.1264587E+00  1.4308E+03
1.1320910E+00  1.4124E+03
1.1377515E+00  1.3941E+03
1.1434402E+00  1.3762E+03
1.1491574E+00  1.3584E+03
1.1549032E+00  1.3409E+03
1.1606777E+00  1.3237E+03
1.1664811E+00  1.3067E+03
1.1723135E+00  1.2899E+03
1.1781751E+00  1.2733E+03
1.1840660E+00  1.2570E+03
1.1899863E+00  1.2409E+03
1.1959362E+00  1.2250E+03
1.2019159E+00  1.2093E+03
1.2079255E+00  1.1938E+03
1.2139651E+00  1.1785E+03
1.2200350E+00  1.1635E+03
1.2261351E+00  1.1486E+03
1.2322658E+00  1.1340E+03
1.2384271E+00  1.1195E+03
1.2446193E+00  1.1053E+03
1.2508424E+00  1.0912E+03
1.2570966E+00  1.0773E+03
1.2633821E+00  1.0636E+03
1.2696990E+00  1.0501E+03
1.2760475E+00  1.0368E+03
1.2824277E+00  1.0236E+03
1.2888399E+00  1.0106E+03
1.2952840E+00  9.9784E+02
1.3017605E+00  9.8520E+02
1.3082693E+00  9.7274E+02
1.3148106E+00  9.6045E+02
1.3213847E+00  9.4831E+02
1.3229793E+00  9.4540E+02
1.3232206E+00  4.9670E+03
1.3279916E+00  4.9206E+03
1.3346316E+00  4.8569E+03
1.3413047E+00  4.7941E+03
1.3480112E+00  4.7321E+03
1.3547513E+00  4.6710E+03
1.3584739E+00  4.6376E+03
1.3587261E+00  6.5697E+03
1.3615250E+00  6.5346E+03
1.3683327E+00  6.4503E+03
1.3751743E+00  6.3671E+03
1.3820502E+00  6.2850E+03
1.3889605E+00  6.2040E+03
1.3959053E+00  6.1240E+03
1.4028848E+00  6.0451E+03
1.4098992E+00  5.9672E+03
1.4169487E+00  5.8903E+03
1.4240335E+00  5.8144E+03
1.4311536E+00  5.7394E+03
1.4383094E+00  5.6655E+03
1.4455009E+00  5.5925E+03
1.4527284E+00  5.5204E+03
1.4599921E+00  5.4493E+03
1.4672920E+00  5.3791E+03
1.4746285E+00  5.3099E+03
1.4820016E+00  5.2415E+03
1.4894117E+00  5.1740E+03
1.4968587E+00  5.1074E+03
1.5043430E+00  5.0416E+03
1.5118647E+00  4.9767E+03
1.5194240E+00  4.9127E+03
1.5251383E+00  4.8650E+03
1.5270212E+00  5.5466E+03
1.5278616E+00  5.5390E+03
1.5346563E+00  5.4783E+03
1.5423295E+00  5.4107E+03
1.5500412E+00  5.3441E+03
1.5577914E+00  5.2782E+03
1.5655804E+00  5.2132E+03
1.5734083E+00  5.1490E+03
1.5812753E+00  5.0856E+03
1.5891817E+00  5.0230E+03
1.5971276E+00  4.9612E+03
1.6051132E+00  4.9003E+03
1.6131388E+00  4.8404E+03
1.6212045E+00  4.7813E+03
1.6293105E+00  4.7229E+03
1.6374571E+00  4.6652E+03
1.6456443E+00  4.6083E+03
1.6538726E+00  4.5521E+03
1.6621419E+00  4.4966E+03
1.6704526E+00  4.4419E+03
1.6788049E+00  4.3878E+03
1.6871989E+00  4.3345E+03
1.6956349E+00  4.2818E+03
1.7041131E+00  4.2297E+03
1.7126337E+00  4.1784E+03
1.7211968E+00  4.1276E+03
1.7298028E+00  4.0770E+03
1.7384518E+00  4.0271E+03
1.7471441E+00  3.9778E+03
1.7558798E+00  3.9292E+03
1.7646592E+00  3.8811E+03
1.7734825E+00  3.8334E+03
1.7823499E+00  3.7863E+03
1.7912617E+00  3.7398E+03
1.8002180E+00  3.6938E+03
1.8092191E+00  3.6484E+03
1.8182652E+00  3.6036E+03
1.8273565E+00  3.5594E+03
1.8364933E+00  3.5156E+03
1.8456757E+00  3.4725E+03
1.8549041E+00  3.4298E+03
1.8641786E+00  3.3877E+03
1.8734995E+00  3.3461E+03
1.8828670E+00  3.3050E+03
1.8922814E+00  3.2645E+03
1.9017428E+00  3.2244E+03
1.9112515E+00  3.1848E+03
1.9208077E+00  3.1458E+03
1.9304118E+00  3.1072E+03
1.9400638E+00  3.0690E+03
1.9497642E+00  3.0314E+03
1.9595130E+00  2.9942E+03
1.9693105E+00  2.9575E+03
1.9791571E+00  2.9212E+03
1.9890529E+00  2.8852E+03
1.9989981E+00  2.8494E+03
2.0089931E+00  2.8141E+03
2.0190381E+00  2.7792E+03
2.0291333E+00  2.7447E+03
2.0392790E+00  2.7107E+03
2.0494754E+00  2.6771E+03
2.0597227E+00  2.6439E+03
2.0700213E+00  2.6111E+03
2.0803714E+00  2.5787E+03
2.0907733E+00  2.5467E+03
2.1012272E+00  2.5151E+03
2.1117333E+00  2.4839E+03
2.1222920E+00  2.4531E+03
2.1329034E+00  2.4226E+03
2.1435680E+00  2.3925E+03
2.1542858E+00  2.3628E+03
2.1650572E+00  2.3335E+03
2.1758825E+00  2.3045E+03
2.1867619E+00  2.2759E+03
2.1976957E+00  2.2476E+03
2.2086842E+00  2.2197E+03
2.2197276E+00  2.1922E+03
2.2308263E+00  2.1649E+03
2.2419804E+00  2.1380E+03
2.2531903E+00  2.1115E+03
2.2644562E+00  2.0852E+03
2.2757785E+00  2.0593E+03
2.2871574E+00  2.0337E+03
2.2985932E+00  2.0085E+03
2.3100862E+00  1.9835E+03
2.3216366E+00  1.9589E+03
2.3332448E+00  1.9345E+03
2.3449110E+00  1.9105E+03
2.3566356E+00  1.8868E+03
2.3684187E+00  1.8633E+03
2.3802608E+00  1.8402E+03
2.3921621E+00  1.8173E+03
2.4041230E+00  1.7947E+03
2.4161436E+00  1.7724E+03
2.4282243E+00  1.7504E+03
2.4403654E+00  1.7287E+03
2.4525672E+00  1.7072E+03
2.4648301E+00  1.6860E+03
2.4771542E+00  1.6651E+03
2.4895400E+00  1.6444E+03
2.5019877E+00  1.6240E+03
2.5144976E+00  1.6038E+03
2.5270701E+00  1.5839E+03
2.5397055E+00  1.5643E+03
2.5524040E+00  1.5448E+03
2.5651660E+00  1.5257E+03
2.5779919E+00  1.5067E+03
2.5908818E+00  1.4880E+03
2.6038362E+00  1.4696E+03
2.6168554E+00  1.4514E+03
2.6299397E+00  1.4334E+03
2.6430894E+00  1.4155E+03
2.6563048E+00  1.3977E+03
2.6695863E+00  1.3800E+03
2.6829343E+00  1.3625E+03
2.6963489E+00  1.3452E+03
2.7098307E+00  1.3282E+03
2.7233798E+00  1.3113E+03
2.7369967E+00  1.2945E+03
2.7506817E+00  1.2780E+03
2.7644351E+00  1.2616E+03
2.7782573E+00  1.2455E+03
2.7921486E+00  1.2295E+03
2.8061093E+00  1.2138E+03
2.8201399E+00  1.1982E+03
2.8342406E+00  1.1829E+03
2.8484118E+00  1.1678E+03
2.8626539E+00  1.1528E+03
2.8769671E+00  1.1381E+03
2.8913520E+00  1.1235E+03
2.9058087E+00  1.1092E+03
2.9203378E+00  1.0950E+03
2.9349394E+00  1.0810E+03
2.9496141E+00  1.0672E+03
2.9643622E+00  1.0536E+03
2.9791840E+00  1.0402E+03
2.9940799E+00  1.0269E+03
3.0090503E+00  1.0133E+03
3.0240956E+00  9.9962E+02
3.0392161E+00  9.8612E+02
3.0544122E+00  9.7279E+02
3.0696842E+00  9.5947E+02
3.0850326E+00  9.4633E+02
3.1004578E+00  9.3338E+02
3.1159601E+00  9.2061E+02
3.1315399E+00  9.0802E+02
3.1471976E+00  8.9561E+02
3.1629336E+00  8.8337E+02
3.1787482E+00  8.7130E+02
3.1946420E+00  8.5940E+02
3.2106152E+00  8.4767E+02
3.2266683E+00  8.3610E+02
3.2428016E+00  8.2469E+02
3.2590156E+00  8.1345E+02
3.2753107E+00  8.0236E+02
3.2916873E+00  7.9142E+02
3.3081457E+00  7.8064E+02
3.3246864E+00  7.7001E+02
3.3413099E+00  7.5953E+02
3.3580164E+00  7.4919E+02
3.3748065E+00  7.3900E+02
3.3916805E+00  7.2895E+02
3.4086389E+00  7.1904E+02
3.4256821E+00  7.0927E+02
3.4428105E+00  6.9964E+02
3.4600246E+00  6.9014E+02
3.4773247E+00  6.8077E+02
3.4947113E+00  6.7153E+02
3.5121849E+00  6.6242E+02
3.5297458E+00  6.5344E+02
3.5473945E+00  6.4458E+02
3.5651315E+00  6.3585E+02
3.5829572E+00  6.2724E+02
3.6008719E+00  6.1875E+02
3.6188763E+00  6.1037E+02
3.6369707E+00  6.0212E+02
3.6551555E+00  5.9397E+02
3.6734313E+00  5.8594E+02
3.6917985E+00  5.7802E+02
3.7102575E+00  5.7022E+02
3.7288088E+00  5.6251E+02
3.7474528E+00  5.5492E+02
3.7661901E+00  5.4743E+02
3.7850210E+00  5.4005E+02
3.8039461E+00  5.3277E+02
3.8229659E+00  5.2558E+02
3.8420807E+00  5.1849E+02
3.8612911E+00  5.1149E+02
3.8805975E+00  5.0458E+02
3.9000005E+00  4.9777E+02
3.9195005E+00  4.9106E+02
3.9390980E+00  4.8444E+02
3.9587935E+00  4.7791E+02
3.9785875E+00  4.7147E+02
3.9984804E+00  4.6512E+02