Bi (Z = 83) Atomic weight: Ar = 208.9804 g mol-1   Nominal density:   ? (g cm-3) = 9.7300
sigma(barns/atom) = [mue/rho](cm2 g-1)  ×  3.47020E+02
E(eV) [mue/rho](cm2 g-1) = f2(e atom-1)  ×  2.01360E+05
22 edges. Edge energies (keV):
K      9.05259E+01  
L I    1.63875E+01  
L II   1.57111E+01  
L III  1.34186E+01 
M I    3.99910E+00  
M II   3.69630E+00  
M III  3.17690E+00  
M IV   2.68760E+00 
M V    2.57960E+00  
N I    9.38200E-01  
N II   8.05300E-01  
N III  6.78900E-01 
N IV   4.63600E-01  
N V    4.40000E-01  
N VI   1.61900E-01  
N VII  1.57400E-01 
O I    1.59300E-01  
O II   1.16800E-01  
O III  9.28000E-02  
O IV   2.65000E-02 
O V    2.44000E-02  
P I    1.42334E-02  
P II   6.16991E-03 
Data
E/keV            [mue/rho]Photoelectric/cm2g-1
6.200758E-03  1.1047E+05
6.293306E-03  1.0756E+05
1.069000E-02  4.2995E+04
1.142761E-02  3.8053E+04
1.221612E-02  3.3528E+04
1.305903E-02  2.9394E+04
1.396010E-02  2.5635E+04
1.416222E-02  2.4872E+04
1.421916E-02  2.4662E+04
1.430456E-02  3.7244E+04
1.451806E-02  3.5711E+04
1.492335E-02  3.3031E+04
1.595306E-02  2.7337E+04
1.705382E-02  2.2546E+04
1.823053E-02  1.8544E+04
1.948844E-02  1.5234E+04
2.083314E-02  1.2509E+04
2.227063E-02  1.0271E+04
2.380730E-02  8.4326E+03
2.391200E-02  8.3239E+03
2.427800E-02  7.9584E+03
2.437560E-02  7.8645E+03
2.452200E-02  1.4012E+04
2.488800E-02  1.4591E+04
2.545001E-02  1.5744E+04
2.597000E-02  1.7130E+04
2.636750E-02  1.8420E+04
2.647350E-02  1.8801E+04
2.663250E-02  2.2530E+04
2.703000E-02  2.4712E+04
2.720606E-02  2.5760E+04
2.908327E-02  3.9804E+04
3.109002E-02  5.9723E+04
3.323523E-02  8.3345E+04
3.552846E-02  1.0723E+05
3.797993E-02  1.2732E+05
4.060054E-02  1.4021E+05
4.340198E-02  1.4419E+05
4.639671E-02  1.3948E+05
4.959809E-02  1.2790E+05
5.302035E-02  1.1200E+05
5.667876E-02  9.4344E+04
6.058959E-02  7.6968E+04
6.477028E-02  6.1207E+04
6.923942E-02  4.7726E+04
7.401695E-02  3.6688E+04
7.912411E-02  2.7942E+04
8.458368E-02  2.1176E+04
9.041995E-02  1.6033E+04
9.094400E-02  1.5652E+04
9.233600E-02  1.4695E+04
9.270720E-02  1.4453E+04
9.326400E-02  1.8277E+04
9.465600E-02  1.7201E+04
9.665893E-02  1.5792E+04
1.033284E-01  1.2072E+04
1.104581E-01  9.3424E+03
1.144640E-01  8.2025E+03
1.162160E-01  7.7712E+03
1.166832E-01  7.6623E+03
1.173840E-01  9.6294E+03
1.180797E-01  9.4361E+03
1.191360E-01  9.1539E+03
1.262272E-01  7.5593E+03
1.349368E-01  6.1292E+03
1.442475E-01  5.0203E+03
1.542005E-01  4.1609E+03
1.542520E-01  4.1572E+03
1.561140E-01  4.0247E+03
1.566130E-01  3.9904E+03
1.572426E-01  3.9480E+03
1.581870E-01  4.2208E+03
1.586620E-01  4.1971E+03
1.591407E-01  4.1737E+03
1.600965E-01  4.2863E+03
1.605480E-01  4.2660E+03
1.610905E-01  4.2421E+03
1.617381E-01  4.2146E+03
1.624860E-01  4.4203E+03
1.627095E-01  4.4137E+03
1.648404E-01  4.3573E+03
1.651380E-01  4.3504E+03
1.762144E-01  4.2503E+03
1.883732E-01  4.4456E+03
2.013709E-01  4.9261E+03
2.152655E-01  5.6758E+03
2.301188E-01  6.6586E+03
2.459970E-01  7.8138E+03
2.629708E-01  9.0586E+03
2.811158E-01  1.0297E+04
3.005128E-01  1.1430E+04
3.212482E-01  1.2372E+04
3.434143E-01  1.3056E+04
3.671099E-01  1.3444E+04
3.924405E-01  1.3526E+04
4.195189E-01  1.3318E+04
4.312000E-01  1.3156E+04
4.378000E-01  1.3048E+04
4.395600E-01  1.3018E+04
4.422000E-01  1.3531E+04
4.484657E-01  1.3434E+04
4.488000E-01  1.3429E+04
4.543280E-01  1.3337E+04
4.612820E-01  1.3215E+04
4.631364E-01  1.3182E+04
4.659180E-01  1.3477E+04
4.728720E-01  1.3358E+04
4.794098E-01  1.3241E+04
5.0000000E-01  1.2848E+04
5.0250000E-01  1.2798E+04
5.0501250E-01  1.2747E+04
5.0753756E-01  1.2696E+04
5.1007525E-01  1.2644E+04
5.1262563E-01  1.2591E+04
5.1518875E-01  1.2537E+04
5.1776470E-01  1.2483E+04
5.2035352E-01  1.2428E+04
5.2295529E-01  1.2373E+04
5.2557007E-01  1.2316E+04
5.2819792E-01  1.2259E+04
5.3083891E-01  1.2202E+04
5.3349310E-01  1.2144E+04
5.3616057E-01  1.2085E+04
5.3884137E-01  1.2026E+04
5.4153558E-01  1.1966E+04
5.4424325E-01  1.1906E+04
5.4696447E-01  1.1845E+04
5.4969929E-01  1.1783E+04
5.5244779E-01  1.1722E+04
5.5521003E-01  1.1659E+04
5.5798608E-01  1.1597E+04
5.6077601E-01  1.1534E+04
5.6357989E-01  1.1470E+04
5.6639779E-01  1.1406E+04
5.6922978E-01  1.1342E+04
5.7207593E-01  1.1278E+04
5.7493630E-01  1.1213E+04
5.7781099E-01  1.1148E+04
5.8070004E-01  1.1082E+04
5.8360354E-01  1.1017E+04
5.8652156E-01  1.0951E+04
5.8945417E-01  1.0885E+04
5.9240144E-01  1.0818E+04
5.9536345E-01  1.0752E+04
5.9834026E-01  1.0685E+04
6.0133196E-01  1.0618E+04
6.0433862E-01  1.0551E+04
6.0736032E-01  1.0484E+04
6.1039712E-01  1.0417E+04
6.1344910E-01  1.0350E+04
6.1651635E-01  1.0283E+04
6.1959893E-01  1.0215E+04
6.2269693E-01  1.0148E+04
6.2581041E-01  1.0081E+04
6.2893946E-01  1.0013E+04
6.3208416E-01  9.9458E+03
6.3524458E-01  9.8783E+03
6.3842080E-01  9.8109E+03
6.4161291E-01  9.7434E+03
6.4482097E-01  9.6760E+03
6.4804508E-01  9.6085E+03
6.5128530E-01  9.5412E+03
6.5454173E-01  9.4738E+03
6.5781444E-01  9.4065E+03
6.6110351E-01  9.3393E+03
6.6440903E-01  9.2721E+03
6.6773107E-01  9.2051E+03
6.7106973E-01  9.1382E+03
6.7442508E-01  9.0714E+03
6.7779720E-01  9.0047E+03
6.7809211E-01  8.9989E+03
6.7970789E-01  9.5288E+03
6.8118619E-01  9.4990E+03
6.8459212E-01  9.4306E+03
6.8801508E-01  9.3624E+03
6.9145515E-01  9.2945E+03
6.9491243E-01  9.2268E+03
6.9838699E-01  9.1593E+03
7.0187893E-01  9.0921E+03
7.0538832E-01  9.0252E+03
7.0891526E-01  8.9586E+03
7.1245984E-01  8.8923E+03
7.1602214E-01  8.8263E+03
7.1960225E-01  8.7606E+03
7.2320026E-01  8.6953E+03
7.2681626E-01  8.6303E+03
7.3045034E-01  8.5657E+03
7.3410260E-01  8.5015E+03
7.3777311E-01  8.4376E+03
7.4146197E-01  8.3741E+03
7.4516928E-01  8.3097E+03
7.4889513E-01  8.2438E+03
7.5263961E-01  8.1782E+03
7.5640280E-01  8.1130E+03
7.6018482E-01  8.0481E+03
7.6398574E-01  7.9835E+03
7.6780567E-01  7.9194E+03
7.7164470E-01  7.8555E+03
7.7550292E-01  7.7921E+03
7.7938044E-01  7.7291E+03
7.8327734E-01  7.6664E+03
7.8719373E-01  7.6024E+03
7.9112969E-01  7.5387E+03
7.9508534E-01  7.4753E+03
7.9906077E-01  7.4123E+03
8.0305607E-01  7.3497E+03
8.0418063E-01  7.3322E+03
8.0641936E-01  7.3982E+03
8.0707135E-01  7.3882E+03
8.1110671E-01  7.3263E+03
8.1516224E-01  7.2648E+03
8.1923806E-01  7.2037E+03
8.2333425E-01  7.1430E+03
8.2745092E-01  7.0827E+03
8.3158817E-01  7.0228E+03
8.3574611E-01  6.9634E+03
8.3992484E-01  6.9043E+03
8.4412447E-01  6.8457E+03
8.4834509E-01  6.7875E+03
8.5258682E-01  6.7297E+03
8.5684975E-01  6.6723E+03
8.6113400E-01  6.6154E+03
8.6543967E-01  6.5589E+03
8.6976687E-01  6.5028E+03
8.7411570E-01  6.4472E+03
8.7848628E-01  6.3920E+03
8.8287871E-01  6.3372E+03
8.8729310E-01  6.2829E+03
8.9172957E-01  6.2290E+03
8.9618822E-01  6.1755E+03
9.0066916E-01  6.1225E+03
9.0517250E-01  6.0699E+03
9.0969837E-01  6.0178E+03
9.1424686E-01  5.9661E+03
9.1881809E-01  5.9148E+03
9.2341218E-01  5.8640E+03
9.2802924E-01  5.8136E+03
9.3266939E-01  5.7637E+03
9.3687713E-01  5.7190E+03
9.3733274E-01  5.7142E+03
9.3952286E-01  5.8069E+03
9.4201940E-01  5.7807E+03
9.4672950E-01  5.7317E+03
9.5146315E-01  5.6831E+03
9.5622046E-01  5.6350E+03
9.6100156E-01  5.5874E+03
9.6580657E-01  5.5401E+03
9.7063560E-01  5.4933E+03
9.7548878E-01  5.4470E+03
9.8036623E-01  5.4010E+03
9.8526806E-01  5.3556E+03
9.9019440E-01  5.3105E+03
9.9514537E-01  5.2659E+03
1.0001211E+00  5.2213E+03
1.0051217E+00  5.1640E+03
1.0101473E+00  5.1075E+03
1.0151980E+00  5.0516E+03
1.0202740E+00  4.9964E+03
1.0253754E+00  4.9418E+03
1.0305023E+00  4.8879E+03
1.0356548E+00  4.8347E+03
1.0408331E+00  4.7820E+03
1.0460372E+00  4.7300E+03
1.0512674E+00  4.6786E+03
1.0565238E+00  4.6279E+03
1.0618064E+00  4.5777E+03
1.0671154E+00  4.5281E+03
1.0724510E+00  4.4792E+03
1.0778132E+00  4.4308E+03
1.0832023E+00  4.3831E+03
1.0886183E+00  4.3358E+03
1.0940614E+00  4.2892E+03
1.0995317E+00  4.2431E+03
1.1050294E+00  4.1976E+03
1.1105545E+00  4.1526E+03
1.1161073E+00  4.1082E+03
1.1216878E+00  4.0643E+03
1.1272963E+00  4.0209E+03
1.1329328E+00  3.9781E+03
1.1385974E+00  3.9357E+03
1.1442904E+00  3.8939E+03
1.1500119E+00  3.8524E+03
1.1557619E+00  3.8111E+03
1.1615407E+00  3.7704E+03
1.1673484E+00  3.7301E+03
1.1731852E+00  3.6904E+03
1.1790511E+00  3.6511E+03
1.1849464E+00  3.6122E+03
1.1908711E+00  3.5738E+03
1.1968254E+00  3.5359E+03
1.2028096E+00  3.4984E+03
1.2088236E+00  3.4614E+03
1.2148677E+00  3.4248E+03
1.2209421E+00  3.3886E+03
1.2270468E+00  3.3529E+03
1.2331820E+00  3.3176E+03
1.2393479E+00  3.2827E+03
1.2455447E+00  3.2482E+03
1.2517724E+00  3.2141E+03
1.2580312E+00  3.1804E+03
1.2643214E+00  3.1471E+03
1.2706430E+00  3.1142E+03
1.2769962E+00  3.0817E+03
1.2833812E+00  3.0495E+03
1.2897981E+00  3.0178E+03
1.2962471E+00  2.9864E+03
1.3027283E+00  2.9554E+03
1.3092420E+00  2.9247E+03
1.3157882E+00  2.8944E+03
1.3223671E+00  2.8644E+03
1.3289790E+00  2.8348E+03
1.3356239E+00  2.8056E+03
1.3423020E+00  2.7766E+03
1.3490135E+00  2.7481E+03
1.3557586E+00  2.7198E+03
1.3625374E+00  2.6918E+03
1.3693500E+00  2.6641E+03
1.3761968E+00  2.6366E+03
1.3830778E+00  2.6094E+03
1.3899932E+00  2.5826E+03
1.3969431E+00  2.5561E+03
1.4039278E+00  2.5299E+03
1.4109475E+00  2.5039E+03
1.4180022E+00  2.4783E+03
1.4250922E+00  2.4530E+03
1.4322177E+00  2.4279E+03
1.4393788E+00  2.4032E+03
1.4465757E+00  2.3787E+03
1.4538086E+00  2.3545E+03
1.4610776E+00  2.3306E+03
1.4683830E+00  2.3069E+03
1.4757249E+00  2.2836E+03
1.4831035E+00  2.2605E+03
1.4905190E+00  2.2376E+03
1.4979716E+00  2.2150E+03
1.5054615E+00  2.1927E+03
1.5129888E+00  2.1706E+03
1.5205537E+00  2.1488E+03
1.5281565E+00  2.1272E+03
1.5357973E+00  2.1058E+03
1.5434763E+00  2.0847E+03
1.5511937E+00  2.0639E+03
1.5589496E+00  2.0432E+03
1.5667444E+00  2.0228E+03
1.5745781E+00  2.0027E+03
1.5824510E+00  1.9827E+03
1.5903633E+00  1.9630E+03
1.5983151E+00  1.9434E+03
1.6063066E+00  1.9240E+03
1.6143382E+00  1.9049E+03
1.6224099E+00  1.8860E+03
1.6305219E+00  1.8673E+03
1.6386745E+00  1.8488E+03
1.6468679E+00  1.8305E+03
1.6551022E+00  1.8124E+03
1.6633777E+00  1.7945E+03
1.6716946E+00  1.7768E+03
1.6800531E+00  1.7593E+03
1.6884534E+00  1.7420E+03
1.6968956E+00  1.7249E+03
1.7053801E+00  1.7080E+03
1.7139070E+00  1.6913E+03
1.7224766E+00  1.6747E+03
1.7310889E+00  1.6583E+03
1.7397444E+00  1.6422E+03
1.7484431E+00  1.6261E+03
1.7571853E+00  1.6102E+03
1.7659712E+00  1.5938E+03
1.7748011E+00  1.5772E+03
1.7836751E+00  1.5608E+03
1.7925935E+00  1.5446E+03
1.8015565E+00  1.5286E+03
1.8105642E+00  1.5127E+03
1.8196171E+00  1.4971E+03
1.8287151E+00  1.4816E+03
1.8378587E+00  1.4663E+03
1.8470480E+00  1.4512E+03
1.8562833E+00  1.4361E+03
1.8655647E+00  1.4206E+03
1.8748925E+00  1.4053E+03
1.8842670E+00  1.3901E+03
1.8936883E+00  1.3752E+03
1.9031567E+00  1.3604E+03
1.9126725E+00  1.3458E+03
1.9222359E+00  1.3314E+03
1.9318471E+00  1.3171E+03
1.9415063E+00  1.3030E+03
1.9512138E+00  1.2891E+03
1.9609699E+00  1.2753E+03
1.9707747E+00  1.2617E+03
1.9806286E+00  1.2482E+03
1.9905318E+00  1.2349E+03
2.0004844E+00  1.2217E+03
2.0104868E+00  1.2087E+03
2.0205393E+00  1.1959E+03
2.0306420E+00  1.1832E+03
2.0407952E+00  1.1706E+03
2.0509992E+00  1.1582E+03
2.0612542E+00  1.1459E+03
2.0715604E+00  1.1338E+03
2.0819182E+00  1.1218E+03
2.0923278E+00  1.1099E+03
2.1027895E+00  1.0982E+03
2.1133034E+00  1.0866E+03
2.1238699E+00  1.0751E+03
2.1344893E+00  1.0638E+03
2.1451617E+00  1.0526E+03
2.1558875E+00  1.0415E+03
2.1666670E+00  1.0306E+03
2.1775003E+00  1.0198E+03
2.1883878E+00  1.0091E+03
2.1993297E+00  9.9849E+02
2.2103264E+00  9.8801E+02
2.2213780E+00  9.7766E+02
2.2324849E+00  9.6742E+02
2.2436473E+00  9.5730E+02
2.2548656E+00  9.4729E+02
2.2661399E+00  9.3739E+02
2.2774706E+00  9.2761E+02
2.2888579E+00  9.1794E+02
2.3003022E+00  9.0837E+02
2.3118037E+00  8.9891E+02
2.3233628E+00  8.8956E+02
2.3349796E+00  8.8031E+02
2.3466545E+00  8.7117E+02
2.3583878E+00  8.6213E+02
2.3701797E+00  8.5319E+02
2.3820306E+00  8.4435E+02
2.3939407E+00  8.3561E+02
2.4059104E+00  8.2697E+02
2.4179400E+00  8.1842E+02
2.4300297E+00  8.0997E+02
2.4421798E+00  8.0161E+02
2.4543907E+00  7.9335E+02
2.4666627E+00  7.8518E+02
2.4789960E+00  7.7709E+02
2.4913910E+00  7.6910E+02
2.5038479E+00  7.6120E+02
2.5163672E+00  7.5338E+02
2.5289490E+00  7.4566E+02
2.5415938E+00  7.3801E+02
2.5543017E+00  7.3045E+02
2.5670732E+00  7.2298E+02
2.5788933E+00  7.1617E+02
2.5799086E+00  2.0350E+03
2.5803069E+00  2.0342E+03
2.5928082E+00  2.0098E+03
2.6057722E+00  1.9849E+03
2.6188011E+00  1.9603E+03
2.6318951E+00  1.9360E+03
2.6450545E+00  1.9121E+03
2.6582798E+00  1.8884E+03
2.6715712E+00  1.8651E+03
2.6849291E+00  1.8420E+03
2.6868259E+00  1.8388E+03
2.6883739E+00  2.6729E+03
2.6983537E+00  2.6478E+03
2.7118455E+00  2.6143E+03
2.7254047E+00  2.5812E+03
2.7390317E+00  2.5485E+03
2.7527269E+00  2.5163E+03
2.7664905E+00  2.4844E+03
2.7803230E+00  2.4529E+03
2.7942246E+00  2.4219E+03
2.8081957E+00  2.3913E+03
2.8222367E+00  2.3610E+03
2.8363479E+00  2.3312E+03
2.8505296E+00  2.3017E+03
2.8647823E+00  2.2726E+03
2.8791062E+00  2.2439E+03
2.8935017E+00  2.2156E+03
2.9079692E+00  2.1876E+03
2.9225091E+00  2.1600E+03
2.9371216E+00  2.1328E+03
2.9518072E+00  2.1059E+03
2.9665662E+00  2.0792E+03
2.9813991E+00  2.0529E+03
2.9963061E+00  2.0269E+03
3.0112876E+00  2.0003E+03
3.0263440E+00  1.9737E+03
3.0414758E+00  1.9475E+03
3.0566831E+00  1.9216E+03
3.0719666E+00  1.8960E+03
3.0873264E+00  1.8708E+03
3.1027630E+00  1.8459E+03
3.1182768E+00  1.8213E+03
3.1338682E+00  1.7971E+03
3.1495376E+00  1.7732E+03
3.1652853E+00  1.7496E+03
3.1735006E+00  1.7375E+03
3.1802992E+00  2.0318E+03
3.1811117E+00  2.0304E+03
3.1970172E+00  2.0029E+03
3.2130023E+00  1.9757E+03
3.2290673E+00  1.9489E+03
3.2452127E+00  1.9224E+03
3.2614387E+00  1.8963E+03
3.2777459E+00  1.8705E+03
3.2941347E+00  1.8451E+03
3.3106053E+00  1.8200E+03
3.3271584E+00  1.7953E+03
3.3437941E+00  1.7716E+03
3.3605131E+00  1.7484E+03
3.3773157E+00  1.7255E+03
3.3942023E+00  1.7029E+03
3.4111733E+00  1.6807E+03
3.4282291E+00  1.6588E+03
3.4453703E+00  1.6373E+03
3.4625971E+00  1.6161E+03
3.4799101E+00  1.5952E+03
3.4973097E+00  1.5746E+03
3.5147962E+00  1.5542E+03
3.5323702E+00  1.5340E+03
3.5500321E+00  1.5142E+03
3.5677822E+00  1.4946E+03
3.5856211E+00  1.4753E+03
3.6035492E+00  1.4564E+03
3.6215670E+00  1.4377E+03
3.6396748E+00  1.4192E+03
3.6578732E+00  1.4011E+03
3.6761626E+00  1.3832E+03
3.6909034E+00  1.3690E+03
3.6945434E+00  1.3655E+03
3.7016966E+00  1.4566E+03
3.7130161E+00  1.4448E+03
3.7315812E+00  1.4259E+03
3.7502391E+00  1.4072E+03
3.7689903E+00  1.3887E+03
3.7878352E+00  1.3706E+03
3.8067744E+00  1.3527E+03
3.8258083E+00  1.3350E+03
3.8449373E+00  1.3176E+03
3.8641620E+00  1.3005E+03
3.8834828E+00  1.2837E+03
3.9029002E+00  1.2676E+03
3.9224147E+00  1.2518E+03
3.9420268E+00  1.2362E+03
3.9617369E+00  1.2208E+03
3.9815456E+00  1.2057E+03
3.9904219E+00  1.1990E+03
4.0014533E+00  1.2435E+03
4.0077780E+00  1.2387E+03
4.0214606E+00  1.2285E+03
4.0415679E+00  1.2138E+03
4.0617757E+00  1.1992E+03
4.0820846E+00  1.1849E+03
4.1024950E+00  1.1708E+03
4.1230075E+00  1.1568E+03
4.1436226E+00  1.1429E+03
4.1643407E+00  1.1291E+03
4.1851624E+00  1.1154E+03
4.2060882E+00  1.1020E+03
4.2271186E+00  1.0886E+03
4.2482542E+00  1.0755E+03
4.2694955E+00  1.0626E+03
4.2908430E+00  1.0498E+03
4.3122972E+00  1.0372E+03
4.3338587E+00  1.0247E+03
4.3555280E+00  1.0124E+03
4.3773056E+00  1.0003E+03
4.3991921E+00  9.8833E+02
4.4211881E+00  9.7651E+02
4.4432940E+00  9.6485E+02
4.4655105E+00  9.5333E+02
4.4878381E+00  9.4196E+02
4.5102772E+00  9.3074E+02
4.5328286E+00  9.1966E+02
4.5554928E+00  9.0872E+02
4.5782702E+00  8.9791E+02
4.6011616E+00  8.8724E+02
4.6241674E+00  8.7671E+02
4.6472882E+00  8.6630E+02
4.6705247E+00  8.5603E+02
4.6938773E+00  8.4588E+02
4.7173467E+00  8.3586E+02
4.7409334E+00  8.2596E+02
4.7646381E+00  8.1618E+02
4.7884613E+00  8.0652E+02
4.8124036E+00  7.9693E+02
4.8364656E+00  7.8734E+02
4.8606479E+00  7.7787E+02
4.8849512E+00  7.6852E+02
4.9093759E+00  7.5927E+02
4.9339228E+00  7.5014E+02
4.9585924E+00  7.4112E+02
4.9833854E+00  7.3220E+02
5.0083023E+00  7.2340E+02
5.0333438E+00  7.1470E+02
5.0585105E+00  7.0610E+02
5.0838031E+00  6.9761E+02
5.1092221E+00  6.8923E+02
5.1347682E+00  6.8094E+02
5.1604421E+00  6.7274E+02
5.1862443E+00  6.6441E+02
5.2121755E+00  6.5617E+02
5.2382364E+00  6.4802E+02
5.2644276E+00  6.3998E+02
5.2907497E+00  6.3204E+02
5.3172034E+00  6.2420E+02
5.3437895E+00  6.1647E+02
5.3705084E+00  6.0883E+02
5.3973609E+00  6.0116E+02
5.4243477E+00  5.9358E+02
5.4514695E+00  5.8609E+02
5.4787268E+00  5.7870E+02
5.5061205E+00  5.7140E+02
5.5336511E+00  5.6420E+02
5.5613193E+00  5.5710E+02
5.5891259E+00  5.5009E+02
5.6170716E+00  5.4317E+02
5.6451569E+00  5.3634E+02
5.6733827E+00  5.2960E+02
5.7017496E+00  5.2295E+02
5.7302584E+00  5.1639E+02
5.7589096E+00  5.0991E+02
5.7877042E+00  5.0352E+02
5.8166427E+00  4.9721E+02
5.8457259E+00  4.9098E+02
5.8749546E+00  4.8484E+02
5.9043293E+00  4.7877E+02
5.9338510E+00  4.7279E+02
5.9635202E+00  4.6689E+02
5.9933378E+00  4.6106E+02
6.0233045E+00  4.5531E+02
6.0534210E+00  4.4964E+02
6.0836882E+00  4.4404E+02
6.1141066E+00  4.3851E+02
6.1446771E+00  4.3306E+02
6.1754005E+00  4.2768E+02
6.2062775E+00  4.2237E+02
6.2373089E+00  4.1713E+02
6.2684954E+00  4.1196E+02
6.2998379E+00  4.0686E+02
6.3313371E+00  4.0183E+02
6.3629938E+00  3.9684E+02
6.3948088E+00  3.9187E+02
6.4267828E+00  3.8696E+02
6.4589167E+00  3.8212E+02
6.4912113E+00  3.7734E+02
6.5236674E+00  3.7263E+02
6.5562857E+00  3.6797E+02
6.5890671E+00  3.6338E+02
6.6220125E+00  3.5885E+02
6.6551225E+00  3.5438E+02
6.6883981E+00  3.4997E+02
6.7218401E+00  3.4562E+02
6.7554493E+00  3.4132E+02
6.7892266E+00  3.3709E+02
6.8231727E+00  3.3290E+02
6.8572886E+00  3.2878E+02
6.8915750E+00  3.2470E+02
6.9260329E+00  3.2068E+02
6.9606631E+00  3.1672E+02
6.9954664E+00  3.1280E+02
7.0304437E+00  3.0894E+02
7.0655959E+00  3.0513E+02
7.1009239E+00  3.0137E+02
7.1364285E+00  2.9766E+02
7.1721107E+00  2.9400E+02
7.2079712E+00  2.9038E+02
7.2440111E+00  2.8681E+02
7.2802311E+00  2.8329E+02
7.3166323E+00  2.7982E+02
7.3532155E+00  2.7639E+02
7.3899815E+00  2.7301E+02
7.4269314E+00  2.6965E+02
7.4640661E+00  2.6632E+02
7.5013864E+00  2.6304E+02
7.5388934E+00  2.5981E+02
7.5765878E+00  2.5661E+02
7.6144708E+00  2.5346E+02
7.6525431E+00  2.5035E+02
7.6908058E+00  2.4728E+02
7.7292599E+00  2.4425E+02
7.7679062E+00  2.4125E+02
7.8067457E+00  2.3830E+02
7.8457794E+00  2.3539E+02
7.8850083E+00  2.3251E+02
7.9244334E+00  2.2967E+02
7.9640555E+00  2.2687E+02
8.0038758E+00  2.2410E+02
8.0438952E+00  2.2136E+02
8.0841147E+00  2.1865E+02
8.1245352E+00  2.1598E+02
8.1651579E+00  2.1334E+02
8.2059837E+00  2.1074E+02
8.2470136E+00  2.0817E+02
8.2882487E+00  2.0562E+02
8.3296899E+00  2.0311E+02
8.3713384E+00  2.0062E+02
8.4131951E+00  1.9817E+02
8.4552610E+00  1.9574E+02
8.4975373E+00  1.9335E+02
8.5400250E+00  1.9099E+02
9.030794E+00  1.6591E+02
9.653919E+00  1.3879E+02
1.032004E+01  1.1630E+02
1.103212E+01  9.7614E+01
1.179334E+01  8.1833E+01
1.260708E+01  6.8593E+01
1.315023E+01  6.1391E+01
1.335151E+01  5.8995E+01
1.340518E+01  5.8379E+01
1.347697E+01  1.4898E+02
1.348569E+01  1.4872E+02
1.368697E+01  1.4289E+02
1.440688E+01  1.2425E+02
1.540095E+01  1.0351E+02
1.563254E+01  9.9364E+01
1.569539E+01  9.8278E+01
1.578966E+01  1.3614E+02
1.602532E+01  1.3085E+02
1.605975E+01  1.3009E+02
1.630556E+01  1.2488E+02
1.637111E+01  1.2354E+02
1.646362E+01  1.4095E+02
1.646944E+01  1.4082E+02
1.671525E+01  1.3563E+02
1.759961E+01  1.1895E+02
1.881398E+01  1.0010E+02
2.011215E+01  8.4236E+01
2.149988E+01  7.0854E+01
2.298338E+01  5.9586E+01
2.456923E+01  5.0137E+01
2.626450E+01  4.2212E+01
2.807676E+01  3.5283E+01
3.001405E+01  2.9436E+01
3.208502E+01  2.4568E+01
3.429889E+01  2.0453E+01
3.666551E+01  1.7025E+01
3.919543E+01  1.4182E+01
4.189992E+01  1.1823E+01
4.479101E+01  9.8638E+00
4.788159E+01  8.2354E+00
5.118542E+01  6.8811E+00
5.471721E+01  5.7538E+00
5.849270E+01  4.8133E+00
6.252870E+01  4.0207E+00
6.684318E+01  3.3618E+00
7.145536E+01  2.8085E+00
7.638578E+01  2.3398E+00
8.165640E+01  1.9453E+00
8.729069E+01  1.6086E+00
8.871538E+01  1.5363E+00
9.007327E+01  1.4714E+00
9.043538E+01  1.4548E+00
9.097853E+01  6.8261E+00
9.233642E+01  6.5730E+00
9.331374E+01  6.3986E+00
9.975239E+01  5.3905E+00
1.066353E+02  4.5349E+00
1.139931E+02  3.8102E+00
1.218587E+02  3.2001E+00
1.302669E+02  2.6861E+00
1.392553E+02  2.2512E+00
1.488640E+02  1.8866E+00
1.591356E+02  1.5811E+00
1.701159E+02  1.3251E+00
1.818539E+02  1.1106E+00
1.944018E+02  9.3081E-01
2.078156E+02  7.8000E-01
2.221548E+02  6.5369E-01
2.374835E+02  5.4789E-01
2.538699E+02  4.5927E-01
2.713869E+02  3.8502E-01
2.901126E+02  3.2280E-01
3.101304E+02  2.7066E-01
3.315294E+02  2.2697E-01
3.544049E+02  1.9034E-01
3.788588E+02  1.5964E-01
4.050001E+02  1.3390E-01
4.329451E+02  1.1232E-01