Dy (Z = 66) Atomic weight: Ar = 162.5000 g mol-1   Nominal density:   ? (g cm-3) = 8.5250
sigma(barns/atom) = [mue/rho](cm2 g-1)  ×  2.69838E+02
E(eV) [mue/rho](cm2 g-1) = f2(e atom-1)  ×  2.58956E+05
19 edges. Edge energies (keV):
K      5.37885E+01  
L I    9.04580E+00  
L II   8.58060E+00  
L III  7.79010E+00 
M I    2.04680E+00  
M II   1.84180E+00  
M III  1.67560E+00  
M IV   1.33250E+00 
M V    1.29490E+00  
N I    4.16300E-01  
N II   3.31800E-01  
N III  2.92900E-01 
N IV   1.54200E-01  
N V    1.54200E-01  
N VI   4.20000E-03  
N VII  4.20000E-03 
O I    6.29000E-02  
O II   2.63000E-02  
O III  2.63000E-02 
Data
E/keV            [mue/rho]Photoelectric/cm2g-1
4.221000E-03  5.1966E+03
4.284000E-03  5.1855E+03
1.069000E-02  6.4178E+03
1.142761E-02  6.6901E+03
1.221612E-02  6.9939E+03
1.305903E-02  7.3311E+03
1.396010E-02  7.7035E+03
1.492335E-02  8.1130E+03
1.595306E-02  8.5613E+03
1.705382E-02  9.0500E+03
1.823053E-02  9.5784E+03
1.948844E-02  1.0146E+04
2.083314E-02  1.0753E+04
2.227063E-02  1.1398E+04
2.380730E-02  1.2079E+04
2.545001E-02  1.2796E+04
2.577400E-02  1.2936E+04
2.616850E-02  1.3105E+04
2.627370E-02  1.3150E+04
2.643150E-02  2.1383E+05
2.682600E-02  2.0147E+05
2.720606E-02  1.9047E+05
2.908327E-02  1.4672E+05
3.109002E-02  1.1323E+05
3.323523E-02  8.7701E+04
3.552846E-02  6.8914E+04
3.797993E-02  5.5446E+04
4.060054E-02  4.5988E+04
4.340198E-02  3.9462E+04
4.639671E-02  3.5034E+04
4.959809E-02  3.2089E+04
5.302035E-02  3.0178E+04
5.667876E-02  2.8983E+04
6.058959E-02  2.8278E+04
6.164200E-02  2.8155E+04
6.258550E-02  2.8063E+04
6.283710E-02  2.8041E+04
6.321450E-02  2.8117E+04
6.415800E-02  2.8053E+04
6.477028E-02  2.8018E+04
6.923942E-02  2.7886E+04
7.401695E-02  2.7895E+04
7.912411E-02  2.7927E+04
8.458368E-02  2.6850E+04
9.041995E-02  2.5747E+04
9.665893E-02  2.4610E+04
1.0000000E-01  2.4017E+04
1.0050000E-01  2.3930E+04
1.0100250E-01  2.3842E+04
1.0150751E-01  2.3753E+04
1.0201505E-01  2.3665E+04
1.0252513E-01  2.3576E+04
1.0303775E-01  2.3488E+04
1.0355294E-01  2.3399E+04
1.0407070E-01  2.3309E+04
1.0459106E-01  2.3220E+04
1.0511401E-01  2.3131E+04
1.0563958E-01  2.3041E+04
1.0616778E-01  2.2951E+04
1.0669862E-01  2.2861E+04
1.0723211E-01  2.2771E+04
1.0776827E-01  2.2680E+04
1.0830712E-01  2.2590E+04
1.0884865E-01  2.2499E+04
1.0939289E-01  2.2408E+04
1.0993986E-01  2.2317E+04
1.1048956E-01  2.2226E+04
1.1104201E-01  2.2135E+04
1.1159722E-01  2.2043E+04
1.1215520E-01  2.1952E+04
1.1271598E-01  2.1860E+04
1.1327956E-01  2.1768E+04
1.1384596E-01  2.1676E+04
1.1441519E-01  2.1584E+04
1.1498726E-01  2.1492E+04
1.1556220E-01  2.1400E+04
1.1614001E-01  2.1307E+04
1.1672071E-01  2.1215E+04
1.1730431E-01  2.1122E+04
1.1789083E-01  2.1029E+04
1.1848029E-01  2.0936E+04
1.1907269E-01  2.0843E+04
1.1966805E-01  2.0750E+04
1.2026639E-01  2.0657E+04
1.2086772E-01  2.0564E+04
1.2147206E-01  2.0471E+04
1.2207942E-01  2.0377E+04
1.2268982E-01  2.0284E+04
1.2330327E-01  2.0190E+04
1.2391979E-01  2.0097E+04
1.2453939E-01  2.0003E+04
1.2516208E-01  1.9909E+04
1.2578789E-01  1.9816E+04
1.2641683E-01  1.9722E+04
1.2704892E-01  1.9628E+04
1.2768416E-01  1.9534E+04
1.2832258E-01  1.9440E+04
1.2896419E-01  1.9346E+04
1.2960902E-01  1.9252E+04
1.3025706E-01  1.9158E+04
1.3090835E-01  1.9064E+04
1.3156289E-01  1.8970E+04
1.3222070E-01  1.8876E+04
1.3288181E-01  1.8782E+04
1.3354621E-01  1.8688E+04
1.3421395E-01  1.8594E+04
1.3488502E-01  1.8500E+04
1.3555944E-01  1.8406E+04
1.3623724E-01  1.8312E+04
1.3691842E-01  1.8218E+04
1.3760302E-01  1.8124E+04
1.3829103E-01  1.8030E+04
1.3898249E-01  1.7936E+04
1.3967740E-01  1.7842E+04
1.4037579E-01  1.7748E+04
1.4107766E-01  1.7654E+04
1.4178305E-01  1.7561E+04
1.4249197E-01  1.7467E+04
1.4320443E-01  1.7374E+04
1.4392045E-01  1.7280E+04
1.4464005E-01  1.7187E+04
1.4536325E-01  1.7093E+04
1.4609007E-01  1.7000E+04
1.4682052E-01  1.6907E+04
1.4755462E-01  1.6814E+04
1.4829239E-01  1.6721E+04
1.4903386E-01  1.6628E+04
1.4977903E-01  1.6535E+04
1.5052792E-01  1.6442E+04
1.5128056E-01  1.6350E+04
1.5203696E-01  1.6257E+04
1.5279715E-01  1.6165E+04
1.5356113E-01  1.6072E+04
1.5414295E-01  1.6003E+04
1.5425706E-01  4.1462E+04
1.5432894E-01  4.1305E+04
1.5510058E-01  3.9675E+04
1.5587609E-01  3.8138E+04
1.5665547E-01  3.6690E+04
1.5743875E-01  3.5323E+04
1.5822594E-01  3.4035E+04
1.5901707E-01  3.2819E+04
1.5981215E-01  3.1672E+04
1.6061121E-01  3.0589E+04
1.6141427E-01  2.9566E+04
1.6222134E-01  2.8601E+04
1.6303245E-01  2.7688E+04
1.6384761E-01  2.6826E+04
1.6466685E-01  2.6011E+04
1.6549018E-01  2.5240E+04
1.6631763E-01  2.4510E+04
1.6714922E-01  2.3820E+04
1.6798497E-01  2.3166E+04
1.6882489E-01  2.2547E+04
1.6966902E-01  2.1960E+04
1.7051736E-01  2.1408E+04
1.7136995E-01  2.0895E+04
1.7222680E-01  2.0416E+04
1.7308793E-01  1.9970E+04
1.7395337E-01  1.9552E+04
1.7482314E-01  1.9160E+04
1.7569726E-01  1.8792E+04
1.7657574E-01  1.8445E+04
1.7745862E-01  1.8118E+04
1.7834591E-01  1.7809E+04
1.7923764E-01  1.7517E+04
1.8013383E-01  1.7240E+04
1.8103450E-01  1.6976E+04
1.8193967E-01  1.6726E+04
1.8284937E-01  1.6487E+04
1.8376362E-01  1.6258E+04
1.8468244E-01  1.6040E+04
1.8560585E-01  1.5831E+04
1.8653388E-01  1.5630E+04
1.8746655E-01  1.5437E+04
1.8840388E-01  1.5252E+04
1.8934590E-01  1.5073E+04
1.9029263E-01  1.4901E+04
1.9124409E-01  1.4734E+04
1.9220031E-01  1.4573E+04
1.9316131E-01  1.4417E+04
1.9412712E-01  1.4266E+04
1.9509776E-01  1.4119E+04
1.9607325E-01  1.3976E+04
1.9705361E-01  1.3838E+04
1.9803888E-01  1.3703E+04
1.9902907E-01  1.3571E+04
2.0002422E-01  1.3443E+04
2.0102434E-01  1.3318E+04
2.0202946E-01  1.3196E+04
2.0303961E-01  1.3076E+04
2.0405481E-01  1.2960E+04
2.0507508E-01  1.2845E+04
2.0610046E-01  1.2733E+04
2.0713096E-01  1.2623E+04
2.0816661E-01  1.2516E+04
2.0920745E-01  1.2410E+04
2.1025348E-01  1.2307E+04
2.1130475E-01  1.2205E+04
2.1236128E-01  1.2105E+04
2.1342308E-01  1.2007E+04
2.1449020E-01  1.1910E+04
2.1556265E-01  1.1815E+04
2.1664046E-01  1.1721E+04
2.1772366E-01  1.1629E+04
2.1881228E-01  1.1538E+04
2.1990634E-01  1.1449E+04
2.2100588E-01  1.1361E+04
2.2211090E-01  1.1274E+04
2.2322146E-01  1.1189E+04
2.2433757E-01  1.1104E+04
2.2545925E-01  1.1021E+04
2.2658655E-01  1.0939E+04
2.2771948E-01  1.0858E+04
2.2885808E-01  1.0778E+04
2.3000237E-01  1.0699E+04
2.3115238E-01  1.0621E+04
2.3230814E-01  1.0544E+04
2.3346969E-01  1.0468E+04
2.3463703E-01  1.0393E+04
2.3581022E-01  1.0319E+04
2.3698927E-01  1.0246E+04
2.3817422E-01  1.0174E+04
2.3936509E-01  1.0102E+04
2.4056191E-01  1.0032E+04
2.4176472E-01  9.9620E+03
2.4297355E-01  9.8931E+03
2.4418841E-01  9.8250E+03
2.4540936E-01  9.7576E+03
2.4663640E-01  9.6911E+03
2.4786959E-01  9.6253E+03
2.4910893E-01  9.5603E+03
2.5035448E-01  9.4960E+03
2.5160625E-01  9.4325E+03
2.5286428E-01  9.3696E+03
2.5412860E-01  9.3076E+03
2.5539925E-01  9.2462E+03
2.5667624E-01  9.1855E+03
2.5795962E-01  9.1255E+03
2.5924942E-01  9.0662E+03
2.6054567E-01  9.0075E+03
2.6184840E-01  8.9496E+03
2.6315764E-01  8.8922E+03
2.6447343E-01  8.8356E+03
2.6579579E-01  8.7796E+03
2.6712477E-01  8.7242E+03
2.6846040E-01  8.6695E+03
2.6980270E-01  8.6153E+03
2.7115171E-01  8.5618E+03
2.7250747E-01  8.5089E+03
2.7387001E-01  8.4567E+03
2.7523936E-01  8.4050E+03
2.7661556E-01  8.3539E+03
2.7799863E-01  8.3034E+03
2.7938863E-01  8.2535E+03
2.8078557E-01  8.2042E+03
2.8218950E-01  8.1554E+03
2.8360044E-01  8.1072E+03
2.8501845E-01  8.0596E+03
2.8644354E-01  8.0125E+03
2.8787576E-01  7.9660E+03
2.8931514E-01  7.9200E+03
2.9076171E-01  7.8745E+03
2.9221552E-01  7.8296E+03
2.9262731E-01  7.8170E+03
2.9317269E-01  8.8115E+03
2.9367660E-01  8.7958E+03
2.9514498E-01  8.7506E+03
2.9662071E-01  8.7059E+03
2.9810381E-01  8.6617E+03
2.9959433E-01  8.6180E+03
3.0109230E-01  8.5748E+03
3.0259776E-01  8.5322E+03
3.0411075E-01  8.4900E+03
3.0563130E-01  8.4482E+03
3.0715946E-01  8.4070E+03
3.0869526E-01  8.3662E+03
3.1023873E-01  8.3259E+03
3.1178993E-01  8.2861E+03
3.1334888E-01  8.2467E+03
3.1491562E-01  8.2078E+03
3.1649020E-01  8.1693E+03
3.1807265E-01  8.1312E+03
3.1966301E-01  8.0935E+03
3.2126133E-01  8.0563E+03
3.2286764E-01  8.0195E+03
3.2448197E-01  7.9831E+03
3.2610438E-01  7.9470E+03
3.2773491E-01  7.9114E+03
3.2937358E-01  7.8761E+03
3.3102045E-01  7.8411E+03
3.3144831E-01  7.8321E+03
3.3215172E-01  8.0771E+03
3.3267555E-01  8.0662E+03
3.3433893E-01  8.0320E+03
3.3601062E-01  7.9981E+03
3.3769068E-01  7.9645E+03
3.3937913E-01  7.9313E+03
3.4107602E-01  7.8983E+03
3.4278140E-01  7.8657E+03
3.4449531E-01  7.8334E+03
3.4621779E-01  7.8014E+03
3.4794888E-01  7.7697E+03
3.4968862E-01  7.7382E+03
3.5143706E-01  7.7071E+03
3.5319425E-01  7.6762E+03
3.5496022E-01  7.6455E+03
3.5673502E-01  7.6152E+03
3.5851870E-01  7.5850E+03
3.6031129E-01  7.5552E+03
3.6211285E-01  7.5255E+03
3.6392341E-01  7.4961E+03
3.6574303E-01  7.4669E+03
3.6757174E-01  7.4379E+03
3.6940960E-01  7.4091E+03
3.7125665E-01  7.3805E+03
3.7311293E-01  7.3521E+03
3.7497850E-01  7.3239E+03
3.7685339E-01  7.2959E+03
3.7873766E-01  7.2680E+03
3.8063135E-01  7.2403E+03
3.8253450E-01  7.2128E+03
3.8444718E-01  7.1854E+03
3.8636941E-01  7.1582E+03
3.8830126E-01  7.1311E+03
3.9024276E-01  7.1041E+03
3.9219398E-01  7.0773E+03
3.9415495E-01  7.0505E+03
3.9612572E-01  7.0239E+03
3.9810635E-01  6.9974E+03
4.0009688E-01  6.9710E+03
4.0209737E-01  6.9447E+03
4.0410785E-01  6.9185E+03
4.0612839E-01  6.8923E+03
4.0815904E-01  6.8663E+03
4.1019983E-01  6.8403E+03
4.1225083E-01  6.8144E+03
4.1431208E-01  6.7885E+03
4.1572967E-01  6.7708E+03
4.1638364E-01  7.0877E+03
4.1687033E-01  7.0814E+03
4.1846556E-01  7.0610E+03
4.2055789E-01  7.0344E+03
4.2266068E-01  7.0078E+03
4.2477398E-01  6.9813E+03
4.2689785E-01  6.9548E+03
4.2903234E-01  6.9283E+03
4.3117750E-01  6.9019E+03
4.3333339E-01  6.8754E+03
4.3550006E-01  6.8490E+03
4.3767756E-01  6.8226E+03
4.3986595E-01  6.7962E+03
4.4206528E-01  6.7698E+03
4.4427560E-01  6.7434E+03
4.4649698E-01  6.7170E+03
4.4872947E-01  6.6906E+03
4.5097311E-01  6.6642E+03
4.5322798E-01  6.6377E+03
4.5549412E-01  6.6113E+03
4.5777159E-01  6.5848E+03
4.6006045E-01  6.5583E+03
4.6236075E-01  6.5318E+03
4.6467255E-01  6.5052E+03
4.6699592E-01  6.4785E+03
4.6933090E-01  6.4518E+03
4.7167755E-01  6.4251E+03
4.7403594E-01  6.3983E+03
4.7640612E-01  6.3715E+03
4.7878815E-01  6.3446E+03
4.8118209E-01  6.3176E+03
4.8358800E-01  6.2906E+03
4.8600594E-01  6.2635E+03
4.8843597E-01  6.2364E+03
4.9087815E-01  6.2092E+03
4.9333254E-01  6.1819E+03
4.9579920E-01  6.1546E+03
4.9827820E-01  6.1271E+03
5.0076959E-01  6.0996E+03
5.0327344E-01  6.0721E+03
5.0578980E-01  6.0444E+03
5.0831875E-01  6.0167E+03
5.1086035E-01  5.9890E+03
5.1341465E-01  5.9612E+03
5.1598172E-01  5.9333E+03
5.1856163E-01  5.9054E+03
5.2115444E-01  5.8774E+03
5.2376021E-01  5.8493E+03
5.2637901E-01  5.8212E+03
5.2901091E-01  5.7930E+03
5.3165596E-01  5.7647E+03
5.3431424E-01  5.7364E+03
5.3698581E-01  5.7081E+03
5.3967074E-01  5.6796E+03
5.4236910E-01  5.6512E+03
5.4508094E-01  5.6226E+03
5.4780635E-01  5.5941E+03
5.5054538E-01  5.5654E+03
5.5329810E-01  5.5368E+03
5.5606460E-01  5.5080E+03
5.5884492E-01  5.4793E+03
5.6163914E-01  5.4504E+03
5.6444734E-01  5.4216E+03
5.6726958E-01  5.3927E+03
5.7010592E-01  5.3638E+03
5.7295645E-01  5.3348E+03
5.7582123E-01  5.3058E+03
5.7870034E-01  5.2767E+03
5.8159384E-01  5.2477E+03
5.8450181E-01  5.2186E+03
5.8742432E-01  5.1894E+03
5.9036144E-01  5.1603E+03
5.9331325E-01  5.1311E+03
5.9627982E-01  5.1019E+03
5.9926122E-01  5.0727E+03
6.0225752E-01  5.0435E+03
6.0526881E-01  5.0143E+03
6.0829515E-01  4.9850E+03
6.1133663E-01  4.9558E+03
6.1439331E-01  4.9265E+03
6.1746528E-01  4.8973E+03
6.2055260E-01  4.8680E+03
6.2365537E-01  4.8387E+03
6.2677364E-01  4.8093E+03
6.2990751E-01  4.7799E+03
6.3305705E-01  4.7505E+03
6.3622234E-01  4.7211E+03
6.3940345E-01  4.6917E+03
6.4260046E-01  4.6622E+03
6.4581347E-01  4.6328E+03
6.4904253E-01  4.6033E+03
6.5228775E-01  4.5739E+03
6.5554919E-01  4.5445E+03
6.5882693E-01  4.5151E+03
6.6212107E-01  4.4857E+03
6.6543167E-01  4.4563E+03
6.6875883E-01  4.4269E+03
6.7210262E-01  4.3976E+03
6.7546314E-01  4.3683E+03
6.7884045E-01  4.3391E+03
6.8223466E-01  4.3099E+03
6.8564583E-01  4.2807E+03
6.8907406E-01  4.2516E+03
6.9251943E-01  4.2225E+03
6.9598202E-01  4.1935E+03
6.9946194E-01  4.1646E+03
7.0295924E-01  4.1357E+03
7.0647404E-01  4.1068E+03
7.1000641E-01  4.0779E+03
7.1355644E-01  4.0490E+03
7.1712423E-01  4.0203E+03
7.2070985E-01  3.9916E+03
7.2431340E-01  3.9630E+03
7.2793496E-01  3.9345E+03
7.3157464E-01  3.9061E+03
7.3523251E-01  3.8778E+03
7.3890867E-01  3.8496E+03
7.4260322E-01  3.8215E+03
7.4631623E-01  3.7934E+03
7.5004781E-01  3.7655E+03
7.5379805E-01  3.7377E+03
7.5756704E-01  3.7100E+03
7.6135488E-01  3.6824E+03
7.6516165E-01  3.6549E+03
7.6898746E-01  3.6275E+03
7.7283240E-01  3.6002E+03
7.7669656E-01  3.5731E+03
7.8058004E-01  3.5461E+03
7.8448294E-01  3.5192E+03
7.8840536E-01  3.4924E+03
7.9234738E-01  3.4657E+03
7.9630912E-01  3.4392E+03
8.0029067E-01  3.4128E+03
8.0429212E-01  3.3866E+03
8.0831358E-01  3.3604E+03
8.1235515E-01  3.3344E+03
8.1641693E-01  3.3086E+03
8.2049901E-01  3.2828E+03
8.2460150E-01  3.2573E+03
8.2872451E-01  3.2318E+03
8.3286813E-01  3.2065E+03
8.3703248E-01  3.1814E+03
8.4121764E-01  3.1563E+03
8.4542373E-01  3.1315E+03
8.4965084E-01  3.1067E+03
8.5389910E-01  3.0821E+03
8.5816859E-01  3.0577E+03
8.6245944E-01  3.0334E+03
8.6677173E-01  3.0093E+03
8.7110559E-01  2.9853E+03
8.7546112E-01  2.9614E+03
8.7983843E-01  2.9377E+03
8.8423762E-01  2.9142E+03
8.8865881E-01  2.8908E+03
8.9310210E-01  2.8675E+03
8.9756761E-01  2.8444E+03
9.0205545E-01  2.8215E+03
9.0656573E-01  2.7987E+03
9.1109856E-01  2.7761E+03
9.1565405E-01  2.7536E+03
9.2023232E-01  2.7313E+03
9.2483348E-01  2.7091E+03
9.2945765E-01  2.6871E+03
9.3410494E-01  2.6652E+03
9.3877546E-01  2.6435E+03
9.4346934E-01  2.6219E+03
9.4818668E-01  2.6005E+03
9.5292762E-01  2.5792E+03
9.5769226E-01  2.5581E+03
9.6248072E-01  2.5372E+03
9.6729312E-01  2.5164E+03
9.7212959E-01  2.4957E+03
9.7699023E-01  2.4752E+03
9.8187519E-01  2.4548E+03
9.8678456E-01  2.4347E+03
9.9171848E-01  2.4146E+03
9.9667708E-01  2.3947E+03
1.0016605E+00  2.3730E+03
1.0066688E+00  2.3476E+03
1.0117021E+00  2.3225E+03
1.0167606E+00  2.2976E+03
1.0218444E+00  2.2731E+03
1.0269536E+00  2.2488E+03
1.0320884E+00  2.2248E+03
1.0372489E+00  2.2011E+03
1.0424351E+00  2.1776E+03
1.0476473E+00  2.1544E+03
1.0528855E+00  2.1315E+03
1.0581499E+00  2.1088E+03
1.0634407E+00  2.0864E+03
1.0687579E+00  2.0642E+03
1.0741017E+00  2.0423E+03
1.0794722E+00  2.0206E+03
1.0848695E+00  1.9992E+03
1.0902939E+00  1.9780E+03
1.0957454E+00  1.9570E+03
1.1012241E+00  1.9363E+03
1.1067302E+00  1.9158E+03
1.1122639E+00  1.8956E+03
1.1178252E+00  1.8755E+03
1.1234143E+00  1.8557E+03
1.1290314E+00  1.8362E+03
1.1346765E+00  1.8168E+03
1.1403499E+00  1.7977E+03
1.1460517E+00  1.7787E+03
1.1517819E+00  1.7600E+03
1.1575408E+00  1.7415E+03
1.1633285E+00  1.7232E+03
1.1691452E+00  1.7052E+03
1.1749909E+00  1.6870E+03
1.1808659E+00  1.6689E+03
1.1867702E+00  1.6510E+03
1.1927040E+00  1.6333E+03
1.1986676E+00  1.6159E+03
1.2046609E+00  1.5986E+03
1.2106842E+00  1.5815E+03
1.2167376E+00  1.5646E+03
1.2228213E+00  1.5479E+03
1.2289354E+00  1.5313E+03
1.2350801E+00  1.5150E+03
1.2412555E+00  1.4989E+03
1.2474618E+00  1.4829E+03
1.2536991E+00  1.4671E+03
1.2599676E+00  1.4515E+03
1.2662674E+00  1.4361E+03
1.2725988E+00  1.4208E+03
1.2789618E+00  1.4058E+03
1.2853566E+00  1.3909E+03
1.2917833E+00  1.3761E+03
1.2947290E+00  1.3694E+03
1.2950709E+00  5.2965E+03
1.2982423E+00  5.2636E+03
1.3047335E+00  5.1973E+03
1.3112571E+00  5.1317E+03
1.3178134E+00  5.0670E+03
1.3244025E+00  5.0032E+03
1.3310245E+00  4.9401E+03
1.3321988E+00  4.9290E+03
1.3328011E+00  7.4219E+03
1.3376796E+00  7.3524E+03
1.3443680E+00  7.2587E+03
1.3510899E+00  7.1661E+03
1.3578453E+00  7.0748E+03
1.3646345E+00  6.9846E+03
1.3714577E+00  6.8956E+03
1.3783150E+00  6.8078E+03
1.3852066E+00  6.7211E+03
1.3921326E+00  6.6355E+03
1.3990933E+00  6.5510E+03
1.4060887E+00  6.4676E+03
1.4131192E+00  6.3852E+03
1.4201848E+00  6.3040E+03
1.4272857E+00  6.2238E+03
1.4344221E+00  6.1446E+03
1.4415942E+00  6.0664E+03
1.4488022E+00  5.9893E+03
1.4560462E+00  5.9131E+03
1.4633265E+00  5.8379E+03
1.4706431E+00  5.7637E+03
1.4779963E+00  5.6905E+03
1.4853863E+00  5.6182E+03
1.4928132E+00  5.5468E+03
1.5002773E+00  5.4764E+03
1.5077787E+00  5.4068E+03
1.5153176E+00  5.3382E+03
1.5228942E+00  5.2704E+03
1.5305086E+00  5.2035E+03
1.5381612E+00  5.1375E+03
1.5458520E+00  5.0723E+03
1.5535812E+00  5.0079E+03
1.5613491E+00  4.9444E+03
1.5691559E+00  4.8817E+03
1.5770017E+00  4.8198E+03
1.5848867E+00  4.7587E+03
1.5928111E+00  4.6984E+03
1.6007752E+00  4.6389E+03
1.6087790E+00  4.5801E+03
1.6168229E+00  4.5221E+03
1.6249070E+00  4.4649E+03
1.6330316E+00  4.4083E+03
1.6411967E+00  4.3525E+03
1.6494027E+00  4.2974E+03
1.6576497E+00  4.2431E+03
1.6659380E+00  4.1894E+03
1.6740015E+00  4.1380E+03
1.6742677E+00  4.1363E+03
1.6771986E+00  4.8289E+03
1.6826390E+00  4.7876E+03
1.6910522E+00  4.7246E+03
1.6995075E+00  4.6624E+03
1.7080050E+00  4.6011E+03
1.7165450E+00  4.5406E+03
1.7251278E+00  4.4809E+03
1.7337534E+00  4.4220E+03
1.7424222E+00  4.3638E+03
1.7511343E+00  4.3063E+03
1.7598899E+00  4.2502E+03
1.7686894E+00  4.1973E+03
1.7775328E+00  4.1452E+03
1.7864205E+00  4.0940E+03
1.7953526E+00  4.0436E+03
1.8043294E+00  3.9940E+03
1.8133510E+00  3.9451E+03
1.8224178E+00  3.8970E+03
1.8315299E+00  3.8496E+03
1.8399858E+00  3.8065E+03
1.8406875E+00  3.8029E+03
1.8436141E+00  4.0538E+03
1.8498909E+00  4.0195E+03
1.8591404E+00  3.9697E+03
1.8684361E+00  3.9207E+03
1.8777783E+00  3.8724E+03
1.8871672E+00  3.8247E+03
1.8966030E+00  3.7778E+03
1.9060860E+00  3.7316E+03
1.9156165E+00  3.6860E+03
1.9251945E+00  3.6409E+03
1.9348205E+00  3.5969E+03
1.9444946E+00  3.5546E+03
1.9542171E+00  3.5130E+03
1.9639882E+00  3.4720E+03
1.9738081E+00  3.4316E+03
1.9836772E+00  3.3918E+03
1.9935955E+00  3.3527E+03
2.0035635E+00  3.3141E+03
2.0135813E+00  3.2760E+03
2.0236492E+00  3.2385E+03
2.0337675E+00  3.2016E+03
2.0432385E+00  3.1676E+03
2.0439363E+00  3.1652E+03
2.0503613E+00  3.2918E+03
2.0541560E+00  3.2781E+03
2.0644268E+00  3.2412E+03
2.0747489E+00  3.2049E+03
2.0851227E+00  3.1691E+03
2.0955483E+00  3.1337E+03
2.1060260E+00  3.0988E+03
2.1165562E+00  3.0643E+03
2.1271389E+00  3.0303E+03
2.1377746E+00  2.9967E+03
2.1484635E+00  2.9635E+03
2.1592058E+00  2.9309E+03
2.1700018E+00  2.8987E+03
2.1808519E+00  2.8668E+03
2.1917561E+00  2.8346E+03
2.2027149E+00  2.8028E+03
2.2137285E+00  2.7714E+03
2.2247971E+00  2.7403E+03
2.2359211E+00  2.7096E+03
2.2471007E+00  2.6793E+03
2.2583362E+00  2.6494E+03
2.2696279E+00  2.6197E+03
2.2809760E+00  2.5905E+03
2.2923809E+00  2.5615E+03
2.3038428E+00  2.5329E+03
2.3153620E+00  2.5047E+03
2.3269388E+00  2.4767E+03
2.3385735E+00  2.4491E+03
2.3502664E+00  2.4217E+03
2.3620177E+00  2.3947E+03
2.3738278E+00  2.3680E+03
2.3856970E+00  2.3416E+03
2.3976254E+00  2.3154E+03
2.4096136E+00  2.2892E+03
2.4216616E+00  2.2633E+03
2.4337699E+00  2.2377E+03
2.4459388E+00  2.2124E+03
2.4581685E+00  2.1874E+03
2.4704593E+00  2.1627E+03
2.4828116E+00  2.1382E+03
2.4952257E+00  2.1140E+03
2.5077018E+00  2.0901E+03
2.5202403E+00  2.0664E+03
2.5328415E+00  2.0430E+03
2.5455057E+00  2.0199E+03
2.5582333E+00  1.9970E+03
2.5710244E+00  1.9744E+03
2.5838796E+00  1.9520E+03
2.5967990E+00  1.9297E+03
2.6097829E+00  1.9074E+03
2.6228319E+00  1.8854E+03
2.6359460E+00  1.8636E+03
2.6491257E+00  1.8421E+03
2.6623714E+00  1.8209E+03
2.6756832E+00  1.7996E+03
2.6890617E+00  1.7785E+03
2.7025070E+00  1.7577E+03
2.7160195E+00  1.7371E+03
2.7295996E+00  1.7168E+03
2.7432476E+00  1.6967E+03
2.7569638E+00  1.6768E+03
2.7707486E+00  1.6572E+03
2.7846024E+00  1.6379E+03
2.7985254E+00  1.6187E+03
2.8125180E+00  1.5998E+03
2.8265806E+00  1.5811E+03
2.8407135E+00  1.5627E+03
2.8549171E+00  1.5445E+03
2.8691917E+00  1.5265E+03
2.8835376E+00  1.5087E+03
2.8979553E+00  1.4911E+03
2.9124451E+00  1.4735E+03
2.9270073E+00  1.4561E+03
2.9416424E+00  1.4389E+03
2.9563506E+00  1.4220E+03
2.9711323E+00  1.4052E+03
2.9859880E+00  1.3887E+03
3.0009179E+00  1.3723E+03
3.0159225E+00  1.3547E+03
3.0310021E+00  1.3374E+03
3.0461571E+00  1.3203E+03
3.0613879E+00  1.3035E+03
3.0766949E+00  1.2868E+03
3.0920783E+00  1.2704E+03
3.1075387E+00  1.2543E+03
3.1230764E+00  1.2383E+03
3.1386918E+00  1.2226E+03
3.1543853E+00  1.2070E+03
3.1701572E+00  1.1917E+03
3.1860080E+00  1.1766E+03
3.2019380E+00  1.1617E+03
3.2179477E+00  1.1470E+03
3.2340374E+00  1.1325E+03
3.2502076E+00  1.1182E+03
3.2664587E+00  1.1041E+03
3.2827910E+00  1.0901E+03
3.2992049E+00  1.0764E+03
3.3157009E+00  1.0628E+03
3.3322794E+00  1.0495E+03
3.3489408E+00  1.0363E+03
3.3656856E+00  1.0230E+03
3.3825140E+00  1.0099E+03
3.3994265E+00  9.9695E+02
3.4164237E+00  9.8418E+02
3.4335058E+00  9.7158E+02
3.4506733E+00  9.5915E+02
3.4679267E+00  9.4689E+02
3.4852663E+00  9.3480E+02
3.5026927E+00  9.2287E+02
3.5202061E+00  9.1110E+02
3.5378072E+00  8.9949E+02
3.5554962E+00  8.8804E+02
3.5732737E+00  8.7674E+02
3.5911400E+00  8.6559E+02
3.6090957E+00  8.5459E+02
3.6271412E+00  8.4374E+02
3.6452769E+00  8.3304E+02
3.6635033E+00  8.2248E+02
3.6818208E+00  8.1206E+02
3.7002299E+00  8.0164E+02
3.7187311E+00  7.9135E+02
3.7373247E+00  7.8120E+02
3.7560114E+00  7.7118E+02
3.7747914E+00  7.6130E+02
3.7936654E+00  7.5155E+02
3.8126337E+00  7.4194E+02
3.8316969E+00  7.3245E+02
3.8508554E+00  7.2309E+02
3.8701096E+00  7.1385E+02
3.8894602E+00  7.0474E+02
3.9089075E+00  6.9575E+02
3.9284520E+00  6.8688E+02
3.9480943E+00  6.7813E+02
3.9678347E+00  6.6950E+02
3.9876739E+00  6.6098E+02
4.055024E+00  6.3320E+02
4.334821E+00  5.3356E+02
4.633924E+00  4.5014E+02
4.953664E+00  3.8027E+02
5.295467E+00  3.2167E+02
5.660855E+00  2.7222E+02
6.051453E+00  2.2942E+02
6.469004E+00  1.9351E+02
6.915365E+00  1.6348E+02
7.392525E+00  1.3818E+02
7.634298E+00  1.2727E+02
7.751150E+00  1.2244E+02
7.782310E+00  1.2120E+02
7.829051E+00  3.4549E+02
7.902609E+00  3.3549E+02
7.945902E+00  3.2978E+02
8.408988E+00  2.7901E+02
8.447890E+00  2.7557E+02
8.537697E+00  2.6790E+02
8.572019E+00  2.6506E+02
8.623503E+00  3.6360E+02
8.752212E+00  3.4811E+02
8.864884E+00  3.3530E+02
9.000571E+00  3.2190E+02
9.030794E+00  3.1906E+02
9.036754E+00  3.1850E+02
9.091029E+00  3.6274E+02
9.226716E+00  3.4969E+02
9.653919E+00  3.1248E+02
1.032004E+01  2.6257E+02
1.103212E+01  2.1876E+02
1.179334E+01  1.8295E+02
1.260708E+01  1.5314E+02
1.347697E+01  1.2828E+02
1.440688E+01  1.0755E+02
1.540095E+01  9.0236E+01
1.646362E+01  7.5524E+01
1.759961E+01  6.3174E+01
1.881398E+01  5.2741E+01
2.011215E+01  4.4022E+01
2.149988E+01  3.6777E+01
2.298338E+01  3.0751E+01
2.456923E+01  2.5736E+01
2.626450E+01  2.1558E+01
2.807676E+01  1.7931E+01
3.001405E+01  1.4887E+01
3.208502E+01  1.2370E+01
3.429889E+01  1.0282E+01
3.666551E+01  8.5352E+00
3.919543E+01  7.0825E+00
4.189992E+01  5.8529E+00
4.479101E+01  4.8391E+00
4.788159E+01  4.0021E+00
5.118542E+01  3.3124E+00
5.271273E+01  3.0483E+00
5.351956E+01  2.9204E+00
5.373471E+01  2.8875E+00
5.405744E+01  1.5873E+01
5.471721E+01  1.5390E+01
5.486427E+01  1.5285E+01
5.849270E+01  1.2956E+01
6.252870E+01  1.0872E+01
6.684318E+01  9.1150E+00
7.145536E+01  7.6382E+00
7.638578E+01  6.3955E+00
8.165640E+01  5.3477E+00
8.729069E+01  4.4580E+00
9.331374E+01  3.7168E+00
9.975239E+01  3.0992E+00
1.066353E+02  2.5845E+00
1.139931E+02  2.1477E+00
1.218587E+02  1.7838E+00
1.302669E+02  1.4817E+00
1.392553E+02  1.2309E+00
1.488640E+02  1.0227E+00
1.591356E+02  8.4973E-01
1.701159E+02  7.0609E-01
1.818539E+02  5.8678E-01
1.944018E+02  4.8767E-01
2.078156E+02  4.0533E-01
2.221548E+02  3.3691E-01
2.374835E+02  2.8046E-01
2.538699E+02  2.3431E-01
2.713869E+02  1.9577E-01
2.901126E+02  1.6358E-01
3.101304E+02  1.3670E-01
3.315294E+02  1.1424E-01
3.544049E+02  9.5471E-02
3.788588E+02  7.9794E-02
4.050001E+02  6.6695E-02
4.329451E+02  5.5749E-02