Eu (Z = 63) Atomic weight: Ar = 151.9600 g mol-1   Nominal density:   ? (g cm-3) = 5.2280
sigma(barns/atom) = [mue/rho](cm2 g-1)  ×  2.52336E+02
E(eV) [mue/rho](cm2 g-1) = f2(e atom-1)  ×  2.76917E+05
18 edges. Edge energies (keV):
K      4.85190E+01  
L I    8.05200E+00  
L II   7.61710E+00  
L III  6.97690E+00 
M I    1.80000E+00  
M II   1.61390E+00  
M III  1.48060E+00  
M IV   1.16060E+00 
M V    1.13090E+00  
N I    3.60200E-01  
N II   2.83900E-01  
N III  2.56600E-01 
N IV   1.33200E-01  
N V    1.33200E-01  
N VI   2.91151E-03  
O I    3.18000E-02 
O II   2.20000E-02  
O III  2.20000E-02 
Data
E/keV            [mue/rho]Photoelectric/cm2g-1
1.069000E-02  6.4928E+03
1.142761E-02  6.8081E+03
1.221612E-02  7.1513E+03
1.305903E-02  7.5232E+03
1.396010E-02  7.9247E+03
1.492335E-02  8.3561E+03
1.595306E-02  8.8177E+03
1.705382E-02  9.3091E+03
1.823053E-02  9.8300E+03
1.948844E-02  1.0379E+04
2.083314E-02  1.0955E+04
2.156000E-02  1.1261E+04
2.189000E-02  1.1398E+04
2.197800E-02  1.1435E+04
2.211000E-02  2.2646E+05
2.227063E-02  2.2060E+05
2.244000E-02  2.1464E+05
2.380730E-02  1.7378E+05
2.545001E-02  1.3706E+05
2.720606E-02  1.0740E+05
2.908327E-02  8.4375E+04
3.109002E-02  6.7035E+04
3.116400E-02  6.6508E+04
3.164100E-02  6.3276E+04
3.176820E-02  6.2460E+04
3.195900E-02  6.1474E+04
3.243600E-02  5.8676E+04
3.323523E-02  5.4490E+04
3.552846E-02  4.5285E+04
3.797993E-02  3.8724E+04
4.060054E-02  3.4105E+04
4.340198E-02  3.0890E+04
4.639671E-02  2.8681E+04
4.959809E-02  2.7188E+04
5.302035E-02  2.6199E+04
5.667876E-02  2.5052E+04
6.058959E-02  2.3682E+04
6.477028E-02  2.2443E+04
6.923942E-02  2.1287E+04
7.401695E-02  2.0181E+04
7.912411E-02  1.9105E+04
8.458368E-02  1.8048E+04
9.041995E-02  1.7003E+04
9.665893E-02  1.5970E+04
1.0000000E-01  1.5448E+04
1.0050000E-01  1.5372E+04
1.0100250E-01  1.5296E+04
1.0150751E-01  1.5220E+04
1.0201505E-01  1.5144E+04
1.0252513E-01  1.5068E+04
1.0303775E-01  1.4992E+04
1.0355294E-01  1.4917E+04
1.0407070E-01  1.4841E+04
1.0459106E-01  1.4765E+04
1.0511401E-01  1.4690E+04
1.0563958E-01  1.4615E+04
1.0616778E-01  1.4539E+04
1.0669862E-01  1.4464E+04
1.0723211E-01  1.4389E+04
1.0776827E-01  1.4314E+04
1.0830712E-01  1.4239E+04
1.0884865E-01  1.4164E+04
1.0939289E-01  1.4090E+04
1.0993986E-01  1.4015E+04
1.1048956E-01  1.3940E+04
1.1104201E-01  1.3866E+04
1.1159722E-01  1.3792E+04
1.1215520E-01  1.3718E+04
1.1271598E-01  1.3644E+04
1.1327956E-01  1.3570E+04
1.1384596E-01  1.3496E+04
1.1441519E-01  1.3422E+04
1.1498726E-01  1.3349E+04
1.1556220E-01  1.3275E+04
1.1614001E-01  1.3202E+04
1.1672071E-01  1.3129E+04
1.1730431E-01  1.3056E+04
1.1789083E-01  1.2983E+04
1.1848029E-01  1.2910E+04
1.1907269E-01  1.2837E+04
1.1966805E-01  1.2765E+04
1.2026639E-01  1.2692E+04
1.2086772E-01  1.2620E+04
1.2147206E-01  1.2548E+04
1.2207942E-01  1.2476E+04
1.2268982E-01  1.2404E+04
1.2330327E-01  1.2333E+04
1.2391979E-01  1.2261E+04
1.2453939E-01  1.2190E+04
1.2516208E-01  1.2119E+04
1.2578789E-01  1.2048E+04
1.2641683E-01  1.1977E+04
1.2704892E-01  1.1906E+04
1.2768416E-01  1.1835E+04
1.2832258E-01  1.1765E+04
1.2896419E-01  1.1695E+04
1.2960902E-01  1.1625E+04
1.3025706E-01  1.1555E+04
1.3090835E-01  1.1485E+04
1.3156289E-01  1.1416E+04
1.3222070E-01  1.1346E+04
1.3288181E-01  1.1277E+04
1.3317243E-01  1.1247E+04
1.3322758E-01  5.2145E+04
1.3354621E-01  5.0796E+04
1.3421395E-01  4.8115E+04
1.3488502E-01  4.5606E+04
1.3555944E-01  4.3258E+04
1.3623724E-01  4.1061E+04
1.3691842E-01  3.9004E+04
1.3760302E-01  3.7080E+04
1.3829103E-01  3.5277E+04
1.3898249E-01  3.3590E+04
1.3967740E-01  3.2009E+04
1.4037579E-01  3.0529E+04
1.4107766E-01  2.9142E+04
1.4178305E-01  2.7843E+04
1.4249197E-01  2.6625E+04
1.4320443E-01  2.5483E+04
1.4392045E-01  2.4412E+04
1.4464005E-01  2.3408E+04
1.4536325E-01  2.2466E+04
1.4609007E-01  2.1582E+04
1.4682052E-01  2.0753E+04
1.4755462E-01  1.9987E+04
1.4829239E-01  1.9281E+04
1.4903386E-01  1.8630E+04
1.4977903E-01  1.8029E+04
1.5052792E-01  1.7473E+04
1.5128056E-01  1.6956E+04
1.5203696E-01  1.6477E+04
1.5279715E-01  1.6031E+04
1.5356113E-01  1.5615E+04
1.5432894E-01  1.5226E+04
1.5510058E-01  1.4863E+04
1.5587609E-01  1.4522E+04
1.5665547E-01  1.4202E+04
1.5743875E-01  1.3901E+04
1.5822594E-01  1.3617E+04
1.5901707E-01  1.3350E+04
1.5981215E-01  1.3097E+04
1.6061121E-01  1.2858E+04
1.6141427E-01  1.2631E+04
1.6222134E-01  1.2416E+04
1.6303245E-01  1.2211E+04
1.6384761E-01  1.2016E+04
1.6466685E-01  1.1830E+04
1.6549018E-01  1.1652E+04
1.6631763E-01  1.1482E+04
1.6714922E-01  1.1320E+04
1.6798497E-01  1.1164E+04
1.6882489E-01  1.1014E+04
1.6966902E-01  1.0871E+04
1.7051736E-01  1.0732E+04
1.7136995E-01  1.0599E+04
1.7222680E-01  1.0471E+04
1.7308793E-01  1.0347E+04
1.7395337E-01  1.0227E+04
1.7482314E-01  1.0111E+04
1.7569726E-01  9.9993E+03
1.7657574E-01  9.8907E+03
1.7745862E-01  9.7854E+03
1.7834591E-01  9.6832E+03
1.7923764E-01  9.5840E+03
1.8013383E-01  9.4875E+03
1.8103450E-01  9.3936E+03
1.8193967E-01  9.3023E+03
1.8284937E-01  9.2133E+03
1.8376362E-01  9.1265E+03
1.8468244E-01  9.0420E+03
1.8560585E-01  8.9594E+03
1.8653388E-01  8.8788E+03
1.8746655E-01  8.8001E+03
1.8840388E-01  8.7231E+03
1.8934590E-01  8.6479E+03
1.9029263E-01  8.5742E+03
1.9124409E-01  8.5022E+03
1.9220031E-01  8.4316E+03
1.9316131E-01  8.3625E+03
1.9412712E-01  8.2948E+03
1.9509776E-01  8.2284E+03
1.9607325E-01  8.1634E+03
1.9705361E-01  8.0996E+03
1.9803888E-01  8.0369E+03
1.9902907E-01  7.9755E+03
2.0002422E-01  7.9152E+03
2.0102434E-01  7.8560E+03
2.0202946E-01  7.7978E+03
2.0303961E-01  7.7407E+03
2.0405481E-01  7.6846E+03
2.0507508E-01  7.6295E+03
2.0610046E-01  7.5753E+03
2.0713096E-01  7.5220E+03
2.0816661E-01  7.4697E+03
2.0920745E-01  7.4182E+03
2.1025348E-01  7.3676E+03
2.1130475E-01  7.3178E+03
2.1236128E-01  7.2689E+03
2.1342308E-01  7.2208E+03
2.1449020E-01  7.1734E+03
2.1556265E-01  7.1269E+03
2.1664046E-01  7.0811E+03
2.1772366E-01  7.0360E+03
2.1881228E-01  6.9917E+03
2.1990634E-01  6.9481E+03
2.2100588E-01  6.9052E+03
2.2211090E-01  6.8630E+03
2.2322146E-01  6.8214E+03
2.2433757E-01  6.7806E+03
2.2545925E-01  6.7404E+03
2.2658655E-01  6.7009E+03
2.2771948E-01  6.6620E+03
2.2885808E-01  6.6237E+03
2.3000237E-01  6.5860E+03
2.3115238E-01  6.5490E+03
2.3230814E-01  6.5126E+03
2.3346969E-01  6.4768E+03
2.3463703E-01  6.4415E+03
2.3581022E-01  6.4069E+03
2.3698927E-01  6.3728E+03
2.3817422E-01  6.3393E+03
2.3936509E-01  6.3063E+03
2.4056191E-01  6.2739E+03
2.4176472E-01  6.2420E+03
2.4297355E-01  6.2107E+03
2.4418841E-01  6.1799E+03
2.4540936E-01  6.1496E+03
2.4663640E-01  6.1199E+03
2.4786959E-01  6.0907E+03
2.4910893E-01  6.0619E+03
2.5035448E-01  6.0337E+03
2.5160625E-01  6.0060E+03
2.5286428E-01  5.9787E+03
2.5412860E-01  5.9519E+03
2.5539925E-01  5.9256E+03
2.5641678E-01  5.9050E+03
2.5667624E-01  7.0633E+03
2.5678320E-01  7.0611E+03
2.5795962E-01  7.0366E+03
2.5924942E-01  7.0103E+03
2.6054567E-01  6.9845E+03
2.6184840E-01  6.9591E+03
2.6315764E-01  6.9342E+03
2.6447343E-01  6.9097E+03
2.6579579E-01  6.8856E+03
2.6712477E-01  6.8620E+03
2.6846040E-01  6.8387E+03
2.6980270E-01  6.8159E+03
2.7115171E-01  6.7934E+03
2.7250747E-01  6.7714E+03
2.7387001E-01  6.7498E+03
2.7523936E-01  6.7285E+03
2.7661556E-01  6.7076E+03
2.7799863E-01  6.6871E+03
2.7938863E-01  6.6669E+03
2.8078557E-01  6.6471E+03
2.8218950E-01  6.6276E+03
2.8360044E-01  6.6085E+03
2.8366578E-01  6.6076E+03
2.8413421E-01  6.9256E+03
2.8501845E-01  6.9139E+03
2.8644354E-01  6.8954E+03
2.8787576E-01  6.8771E+03
2.8931514E-01  6.8591E+03
2.9076171E-01  6.8414E+03
2.9221552E-01  6.8239E+03
2.9367660E-01  6.8068E+03
2.9514498E-01  6.7898E+03
2.9662071E-01  6.7731E+03
2.9810381E-01  6.7567E+03
2.9959433E-01  6.7405E+03
3.0109230E-01  6.7245E+03
3.0259776E-01  6.7087E+03
3.0411075E-01  6.6932E+03
3.0563130E-01  6.6778E+03
3.0715946E-01  6.6627E+03
3.0869526E-01  6.6477E+03
3.1023873E-01  6.6330E+03
3.1178993E-01  6.6184E+03
3.1334888E-01  6.6039E+03
3.1491562E-01  6.5897E+03
3.1649020E-01  6.5755E+03
3.1807265E-01  6.5616E+03
3.1966301E-01  6.5477E+03
3.2126133E-01  6.5340E+03
3.2286764E-01  6.5204E+03
3.2448197E-01  6.5069E+03
3.2610438E-01  6.4935E+03
3.2773491E-01  6.4803E+03
3.2937358E-01  6.4671E+03
3.3102045E-01  6.4540E+03
3.3267555E-01  6.4410E+03
3.3433893E-01  6.4280E+03
3.3601062E-01  6.4151E+03
3.3769068E-01  6.4023E+03
3.3937913E-01  6.3895E+03
3.4107602E-01  6.3768E+03
3.4278140E-01  6.3641E+03
3.4449531E-01  6.3514E+03
3.4621779E-01  6.3387E+03
3.4794888E-01  6.3261E+03
3.4968862E-01  6.3134E+03
3.5143706E-01  6.3008E+03
3.5319425E-01  6.2882E+03
3.5496022E-01  6.2755E+03
3.5673502E-01  6.2628E+03
3.5851870E-01  6.2501E+03
3.5978936E-01  6.2411E+03
3.6031129E-01  6.6404E+03
3.6061062E-01  6.6381E+03
3.6211285E-01  6.6265E+03
3.6392341E-01  6.6125E+03
3.6574303E-01  6.5985E+03
3.6757174E-01  6.5845E+03
3.6940960E-01  6.5704E+03
3.7125665E-01  6.5562E+03
3.7311293E-01  6.5420E+03
3.7497850E-01  6.5277E+03
3.7685339E-01  6.5133E+03
3.7873766E-01  6.4988E+03
3.8063135E-01  6.4843E+03
3.8253450E-01  6.4696E+03
3.8444718E-01  6.4549E+03
3.8636941E-01  6.4400E+03
3.8830126E-01  6.4251E+03
3.9024276E-01  6.4100E+03
3.9219398E-01  6.3948E+03
3.9415495E-01  6.3795E+03
3.9612572E-01  6.3641E+03
3.9810635E-01  6.3485E+03
4.0009688E-01  6.3328E+03
4.0209737E-01  6.3170E+03
4.0410785E-01  6.3010E+03
4.0612839E-01  6.2848E+03
4.0815904E-01  6.2685E+03
4.1019983E-01  6.2520E+03
4.1225083E-01  6.2354E+03
4.1431208E-01  6.2185E+03
4.1638364E-01  6.2015E+03
4.1846556E-01  6.1843E+03
4.2055789E-01  6.1670E+03
4.2266068E-01  6.1494E+03
4.2477398E-01  6.1317E+03
4.2689785E-01  6.1138E+03
4.2903234E-01  6.0958E+03
4.3117750E-01  6.0775E+03
4.3333339E-01  6.0591E+03
4.3550006E-01  6.0405E+03
4.3767756E-01  6.0218E+03
4.3986595E-01  6.0028E+03
4.4206528E-01  5.9837E+03
4.4427560E-01  5.9644E+03
4.4649698E-01  5.9449E+03
4.4872947E-01  5.9252E+03
4.5097311E-01  5.9054E+03
4.5322798E-01  5.8853E+03
4.5549412E-01  5.8651E+03
4.5777159E-01  5.8447E+03
4.6006045E-01  5.8241E+03
4.6236075E-01  5.8034E+03
4.6467255E-01  5.7825E+03
4.6699592E-01  5.7614E+03
4.6933090E-01  5.7401E+03
4.7167755E-01  5.7186E+03
4.7403594E-01  5.6970E+03
4.7640612E-01  5.6752E+03
4.7878815E-01  5.6533E+03
4.8118209E-01  5.6311E+03
4.8358800E-01  5.6088E+03
4.8600594E-01  5.5864E+03
4.8843597E-01  5.5638E+03
4.9087815E-01  5.5410E+03
4.9333254E-01  5.5180E+03
4.9579920E-01  5.4950E+03
4.9827820E-01  5.4717E+03
5.0076959E-01  5.4483E+03
5.0327344E-01  5.4248E+03
5.0578980E-01  5.4011E+03
5.0831875E-01  5.3773E+03
5.1086035E-01  5.3533E+03
5.1341465E-01  5.3292E+03
5.1598172E-01  5.3049E+03
5.1856163E-01  5.2806E+03
5.2115444E-01  5.2561E+03
5.2376021E-01  5.2315E+03
5.2637901E-01  5.2067E+03
5.2901091E-01  5.1818E+03
5.3165596E-01  5.1569E+03
5.3431424E-01  5.1318E+03
5.3698581E-01  5.1065E+03
5.3967074E-01  5.0811E+03
5.4236910E-01  5.0556E+03
5.4508094E-01  5.0299E+03
5.4780635E-01  5.0040E+03
5.5054538E-01  4.9781E+03
5.5329810E-01  4.9520E+03
5.5606460E-01  4.9258E+03
5.5884492E-01  4.8995E+03
5.6163914E-01  4.8730E+03
5.6444734E-01  4.8465E+03
5.6726958E-01  4.8199E+03
5.7010592E-01  4.7931E+03
5.7295645E-01  4.7663E+03
5.7582123E-01  4.7394E+03
5.7870034E-01  4.7125E+03
5.8159384E-01  4.6854E+03
5.8450181E-01  4.6583E+03
5.8742432E-01  4.6312E+03
5.9036144E-01  4.6039E+03
5.9331325E-01  4.5767E+03
5.9627982E-01  4.5493E+03
5.9926122E-01  4.5220E+03
6.0225752E-01  4.4945E+03
6.0526881E-01  4.4671E+03
6.0829515E-01  4.4396E+03
6.1133663E-01  4.4121E+03
6.1439331E-01  4.3846E+03
6.1746528E-01  4.3570E+03
6.2055260E-01  4.3295E+03
6.2365537E-01  4.3020E+03
6.2677364E-01  4.2744E+03
6.2990751E-01  4.2469E+03
6.3305705E-01  4.2194E+03
6.3622234E-01  4.1919E+03
6.3940345E-01  4.1644E+03
6.4260046E-01  4.1369E+03
6.4581347E-01  4.1095E+03
6.4904253E-01  4.0821E+03
6.5228775E-01  4.0547E+03
6.5554919E-01  4.0274E+03
6.5882693E-01  4.0001E+03
6.6212107E-01  3.9728E+03
6.6543167E-01  3.9456E+03
6.6875883E-01  3.9185E+03
6.7210262E-01  3.8914E+03
6.7546314E-01  3.8644E+03
6.7884045E-01  3.8374E+03
6.8223466E-01  3.8105E+03
6.8564583E-01  3.7837E+03
6.8907406E-01  3.7569E+03
6.9251943E-01  3.7302E+03
6.9598202E-01  3.7036E+03
6.9946194E-01  3.6771E+03
7.0295924E-01  3.6507E+03
7.0647404E-01  3.6243E+03
7.1000641E-01  3.5980E+03
7.1355644E-01  3.5719E+03
7.1712423E-01  3.5458E+03
7.2070985E-01  3.5198E+03
7.2431340E-01  3.4939E+03
7.2793496E-01  3.4681E+03
7.3157464E-01  3.4424E+03
7.3523251E-01  3.4168E+03
7.3890867E-01  3.3914E+03
7.4260322E-01  3.3660E+03
7.4631623E-01  3.3407E+03
7.5004781E-01  3.3156E+03
7.5379805E-01  3.2905E+03
7.5756704E-01  3.2656E+03
7.6135488E-01  3.2408E+03
7.6516165E-01  3.2161E+03
7.6898746E-01  3.1916E+03
7.7283240E-01  3.1671E+03
7.7669656E-01  3.1428E+03
7.8058004E-01  3.1186E+03
7.8448294E-01  3.0945E+03
7.8840536E-01  3.0706E+03
7.9234738E-01  3.0468E+03
7.9630912E-01  3.0231E+03
8.0029067E-01  2.9995E+03
8.0429212E-01  2.9761E+03
8.0831358E-01  2.9528E+03
8.1235515E-01  2.9296E+03
8.1641693E-01  2.9066E+03
8.2049901E-01  2.8837E+03
8.2460150E-01  2.8609E+03
8.2872451E-01  2.8382E+03
8.3286813E-01  2.8157E+03
8.3703248E-01  2.7934E+03
8.4121764E-01  2.7711E+03
8.4542373E-01  2.7490E+03
8.4965084E-01  2.7271E+03
8.5389910E-01  2.7053E+03
8.5816859E-01  2.6836E+03
8.6245944E-01  2.6620E+03
8.6677173E-01  2.6406E+03
8.7110559E-01  2.6193E+03
8.7546112E-01  2.5982E+03
8.7983843E-01  2.5772E+03
8.8423762E-01  2.5564E+03
8.8865881E-01  2.5356E+03
8.9310210E-01  2.5151E+03
8.9756761E-01  2.4946E+03
9.0205545E-01  2.4743E+03
9.0656573E-01  2.4542E+03
9.1109856E-01  2.4341E+03
9.1565405E-01  2.4143E+03
9.2023232E-01  2.3945E+03
9.2483348E-01  2.3749E+03
9.2945765E-01  2.3554E+03
9.3410494E-01  2.3361E+03
9.3877546E-01  2.3169E+03
9.4346934E-01  2.2978E+03
9.4818668E-01  2.2789E+03
9.5292762E-01  2.2601E+03
9.5769226E-01  2.2415E+03
9.6248072E-01  2.2230E+03
9.6729312E-01  2.2046E+03
9.7212959E-01  2.1864E+03
9.7699023E-01  2.1683E+03
9.8187519E-01  2.1503E+03
9.8678456E-01  2.1324E+03
9.9171848E-01  2.1147E+03
9.9667708E-01  2.0972E+03
1.0016605E+00  2.0784E+03
1.0066688E+00  2.0572E+03
1.0117021E+00  2.0363E+03
1.0167606E+00  2.0155E+03
1.0218444E+00  1.9950E+03
1.0269536E+00  1.9746E+03
1.0320884E+00  1.9540E+03
1.0372489E+00  1.9336E+03
1.0424351E+00  1.9134E+03
1.0476473E+00  1.8934E+03
1.0528855E+00  1.8737E+03
1.0581499E+00  1.8541E+03
1.0634407E+00  1.8348E+03
1.0687579E+00  1.8157E+03
1.0741017E+00  1.7968E+03
1.0794722E+00  1.7781E+03
1.0848695E+00  1.7596E+03
1.0902939E+00  1.7413E+03
1.0957454E+00  1.7232E+03
1.1012241E+00  1.7053E+03
1.1067302E+00  1.6875E+03
1.1122639E+00  1.6700E+03
1.1178252E+00  1.6527E+03
1.1234143E+00  1.6355E+03
1.1290314E+00  1.6186E+03
1.1307711E+00  1.6134E+03
1.1310289E+00  6.4654E+03
1.1346765E+00  6.4128E+03
1.1403499E+00  6.3319E+03
1.1460517E+00  6.2521E+03
1.1517819E+00  6.1733E+03
1.1575408E+00  6.0955E+03
1.1603841E+00  6.0576E+03
1.1608158E+00  9.1590E+03
1.1633285E+00  9.1081E+03
1.1691452E+00  8.9919E+03
1.1749909E+00  8.8772E+03
1.1808659E+00  8.7640E+03
1.1867702E+00  8.6522E+03
1.1927040E+00  8.5419E+03
1.1986676E+00  8.4330E+03
1.2046609E+00  8.3255E+03
1.2106842E+00  8.2194E+03
1.2167376E+00  8.1147E+03
1.2228213E+00  8.0113E+03
1.2289354E+00  7.9092E+03
1.2350801E+00  7.8085E+03
1.2412555E+00  7.7090E+03
1.2474618E+00  7.6109E+03
1.2536991E+00  7.5140E+03
1.2599676E+00  7.4183E+03
1.2662674E+00  7.3239E+03
1.2725988E+00  7.2307E+03
1.2789618E+00  7.1387E+03
1.2853566E+00  7.0478E+03
1.2917833E+00  6.9582E+03
1.2982423E+00  6.8697E+03
1.3047335E+00  6.7823E+03
1.3112571E+00  6.6961E+03
1.3178134E+00  6.6110E+03
1.3244025E+00  6.5269E+03
1.3310245E+00  6.4438E+03
1.3376796E+00  6.3619E+03
1.3443680E+00  6.2809E+03
1.3510899E+00  6.2010E+03
1.3578453E+00  6.1221E+03
1.3646345E+00  6.0443E+03
1.3714577E+00  5.9674E+03
1.3783150E+00  5.8916E+03
1.3852066E+00  5.8167E+03
1.3921326E+00  5.7428E+03
1.3990933E+00  5.6698E+03
1.4060887E+00  5.5978E+03
1.4131192E+00  5.5267E+03
1.4201848E+00  5.4565E+03
1.4272857E+00  5.3872E+03
1.4344221E+00  5.3188E+03
1.4415942E+00  5.2513E+03
1.4488022E+00  5.1846E+03
1.4560462E+00  5.1188E+03
1.4633265E+00  5.0538E+03
1.4706431E+00  4.9897E+03
1.4779963E+00  4.9266E+03
1.4794437E+00  4.9143E+03
1.4817563E+00  5.7332E+03
1.4853863E+00  5.6963E+03
1.4928132E+00  5.6217E+03
1.5002773E+00  5.5482E+03
1.5077787E+00  5.4756E+03
1.5153176E+00  5.4040E+03
1.5228942E+00  5.3334E+03
1.5305086E+00  5.2638E+03
1.5381612E+00  5.1950E+03
1.5458520E+00  5.1272E+03
1.5535812E+00  5.0603E+03
1.5613491E+00  4.9978E+03
1.5691559E+00  4.9362E+03
1.5770017E+00  4.8756E+03
1.5848867E+00  4.8160E+03
1.5928111E+00  4.7573E+03
1.6007752E+00  4.6995E+03
1.6087790E+00  4.6426E+03
1.6125491E+00  4.6162E+03
1.6152508E+00  4.9182E+03
1.6168229E+00  4.9062E+03
1.6249070E+00  4.8458E+03
1.6330316E+00  4.7862E+03
1.6411967E+00  4.7275E+03
1.6494027E+00  4.6696E+03
1.6576497E+00  4.6127E+03
1.6659380E+00  4.5565E+03
1.6742677E+00  4.5012E+03
1.6826390E+00  4.4467E+03
1.6910522E+00  4.3929E+03
1.6995075E+00  4.3411E+03
1.7080050E+00  4.2905E+03
1.7165450E+00  4.2408E+03
1.7251278E+00  4.1918E+03
1.7337534E+00  4.1435E+03
1.7424222E+00  4.0960E+03
1.7511343E+00  4.0491E+03
1.7598899E+00  4.0030E+03
1.7686894E+00  3.9575E+03
1.7775328E+00  3.9127E+03
1.7864205E+00  3.8685E+03
1.7953526E+00  3.8250E+03
1.7973000E+00  3.8156E+03
1.8027000E+00  3.9711E+03
1.8043294E+00  3.9631E+03
1.8133510E+00  3.9191E+03
1.8224178E+00  3.8757E+03
1.8315299E+00  3.8329E+03
1.8406875E+00  3.7907E+03
1.8498909E+00  3.7490E+03
1.8591404E+00  3.7079E+03
1.8684361E+00  3.6673E+03
1.8777783E+00  3.6272E+03
1.8871672E+00  3.5876E+03
1.8966030E+00  3.5486E+03
1.9060860E+00  3.5102E+03
1.9156165E+00  3.4723E+03
1.9251945E+00  3.4348E+03
1.9348205E+00  3.3967E+03
1.9444946E+00  3.3590E+03
1.9542171E+00  3.3218E+03
1.9639882E+00  3.2851E+03
1.9738081E+00  3.2487E+03
1.9836772E+00  3.2128E+03
1.9935955E+00  3.1773E+03
2.0035635E+00  3.1423E+03
2.0135813E+00  3.1076E+03
2.0236492E+00  3.0733E+03
2.0337675E+00  3.0394E+03
2.0439363E+00  3.0059E+03
2.0541560E+00  2.9728E+03
2.0644268E+00  2.9400E+03
2.0747489E+00  2.9077E+03
2.0851227E+00  2.8756E+03
2.0955483E+00  2.8440E+03
2.1060260E+00  2.8123E+03
2.1165562E+00  2.7808E+03
2.1271389E+00  2.7497E+03
2.1377746E+00  2.7189E+03
2.1484635E+00  2.6884E+03
2.1592058E+00  2.6583E+03
2.1700018E+00  2.6285E+03
2.1808519E+00  2.5991E+03
2.1917561E+00  2.5699E+03
2.2027149E+00  2.5411E+03
2.2137285E+00  2.5126E+03
2.2247971E+00  2.4844E+03
2.2359211E+00  2.4566E+03
2.2471007E+00  2.4290E+03
2.2583362E+00  2.4017E+03
2.2696279E+00  2.3743E+03
2.2809760E+00  2.3470E+03
2.2923809E+00  2.3199E+03
2.3038428E+00  2.2932E+03
2.3153620E+00  2.2668E+03
2.3269388E+00  2.2405E+03
2.3385735E+00  2.2143E+03
2.3502664E+00  2.1883E+03
2.3620177E+00  2.1626E+03
2.3738278E+00  2.1371E+03
2.3856970E+00  2.1120E+03
2.3976254E+00  2.0872E+03
2.4096136E+00  2.0627E+03
2.4216616E+00  2.0384E+03
2.4337699E+00  2.0145E+03
2.4459388E+00  1.9908E+03
2.4581685E+00  1.9674E+03
2.4704593E+00  1.9443E+03
2.4828116E+00  1.9214E+03
2.4952257E+00  1.8989E+03
2.5077018E+00  1.8764E+03
2.5202403E+00  1.8540E+03
2.5328415E+00  1.8320E+03
2.5455057E+00  1.8102E+03
2.5582333E+00  1.7886E+03
2.5710244E+00  1.7673E+03
2.5838796E+00  1.7463E+03
2.5967990E+00  1.7256E+03
2.6097829E+00  1.7051E+03
2.6228319E+00  1.6848E+03
2.6359460E+00  1.6648E+03
2.6491257E+00  1.6451E+03
2.6623714E+00  1.6256E+03
2.6756832E+00  1.6063E+03
2.6890617E+00  1.5873E+03
2.7025070E+00  1.5685E+03
2.7160195E+00  1.5499E+03
2.7295996E+00  1.5316E+03
2.7432476E+00  1.5135E+03
2.7569638E+00  1.4956E+03
2.7707486E+00  1.4780E+03
2.7846024E+00  1.4606E+03
2.7985254E+00  1.4434E+03
2.8125180E+00  1.4264E+03
2.8265806E+00  1.4096E+03
2.8407135E+00  1.3930E+03
2.8549171E+00  1.3767E+03
2.8691917E+00  1.3605E+03
2.8835376E+00  1.3446E+03
2.8979553E+00  1.3288E+03
2.9124451E+00  1.3133E+03
2.9270073E+00  1.2979E+03
2.9416424E+00  1.2827E+03
2.9563506E+00  1.2678E+03
2.9711323E+00  1.2529E+03
2.9859880E+00  1.2381E+03
3.0009179E+00  1.2235E+03
3.0159225E+00  1.2077E+03
3.0310021E+00  1.1921E+03
3.0461571E+00  1.1767E+03
3.0613879E+00  1.1616E+03
3.0766949E+00  1.1466E+03
3.0920783E+00  1.1319E+03
3.1075387E+00  1.1173E+03
3.1230764E+00  1.1030E+03
3.1386918E+00  1.0888E+03
3.1543853E+00  1.0748E+03
3.1701572E+00  1.0611E+03
3.1860080E+00  1.0475E+03
3.2019380E+00  1.0341E+03
3.2179477E+00  1.0208E+03
3.2340374E+00  1.0077E+03
3.2502076E+00  9.9470E+02
3.2664587E+00  9.8185E+02
3.2827910E+00  9.6918E+02
3.2992049E+00  9.5667E+02
3.3157009E+00  9.4434E+02
3.3322794E+00  9.3217E+02
3.3489408E+00  9.2017E+02
3.3656856E+00  9.0833E+02
3.3825140E+00  8.9665E+02
3.3994265E+00  8.8512E+02
3.4164237E+00  8.7376E+02
3.4335058E+00  8.6254E+02
3.4506733E+00  8.5148E+02
3.4679267E+00  8.4057E+02
3.4852663E+00  8.2980E+02
3.5026927E+00  8.1918E+02
3.5202061E+00  8.0870E+02
3.5378072E+00  7.9836E+02
3.5554962E+00  7.8816E+02
3.5732737E+00  7.7810E+02
3.5911400E+00  7.6817E+02
3.6090957E+00  7.5835E+02
3.6271412E+00  7.4863E+02
3.6452769E+00  7.3904E+02
3.6635033E+00  7.2957E+02
3.6818208E+00  7.2024E+02
3.7002299E+00  7.1103E+02
3.7187311E+00  7.0194E+02
3.7373247E+00  6.9298E+02
3.7560114E+00  6.8413E+02
3.7747914E+00  6.7541E+02
3.7936654E+00  6.6680E+02
3.8126337E+00  6.5830E+02
3.8316969E+00  6.4992E+02
3.8508554E+00  6.4165E+02
3.8701096E+00  6.3349E+02
3.8894602E+00  6.2544E+02
3.9089075E+00  6.1750E+02
3.9284520E+00  6.0966E+02
3.9480943E+00  6.0192E+02
3.9678347E+00  5.9429E+02
3.9876739E+00  5.8676E+02
4.055024E+00  5.6220E+02
4.334821E+00  4.7455E+02
4.633924E+00  4.0113E+02
4.953664E+00  3.3919E+02
5.295467E+00  2.8560E+02
5.660855E+00  2.4070E+02
6.051453E+00  2.0323E+02
6.469004E+00  1.7180E+02
6.837362E+00  1.4903E+02
6.915365E+00  1.4477E+02
6.942016E+00  1.4335E+02
6.969923E+00  1.4189E+02
7.011785E+00  4.1410E+02
7.116438E+00  3.9493E+02
7.392525E+00  3.5088E+02
7.464758E+00  3.4138E+02
7.579014E+00  3.2730E+02
7.609483E+00  3.2372E+02
7.655185E+00  4.4399E+02
7.769442E+00  4.2549E+02
7.890960E+00  4.0705E+02
7.902609E+00  4.0535E+02
8.011740E+00  3.9001E+02
8.043948E+00  3.8582E+02
8.092260E+00  4.3952E+02
8.213040E+00  4.2354E+02
8.447890E+00  3.9505E+02
9.030794E+00  3.3379E+02
9.653919E+00  2.7954E+02
1.032004E+01  2.3404E+02
1.103212E+01  1.9576E+02
1.179334E+01  1.6383E+02
1.260708E+01  1.3722E+02
1.347697E+01  1.1503E+02
1.440688E+01  9.6310E+01
1.540095E+01  8.0495E+01
1.646362E+01  6.7136E+01
1.759961E+01  5.5926E+01
1.881398E+01  4.6628E+01
2.011215E+01  3.8911E+01
2.149988E+01  3.2500E+01
2.298338E+01  2.7169E+01
2.456923E+01  2.2733E+01
2.626450E+01  1.9035E+01
2.807676E+01  1.5831E+01
3.001405E+01  1.3145E+01
3.208502E+01  1.0898E+01
3.429889E+01  9.0314E+00
3.666551E+01  7.4611E+00
3.919543E+01  6.1603E+00
4.189992E+01  5.0873E+00
4.479101E+01  4.2045E+00
4.754862E+01  3.5472E+00
4.788159E+01  3.4776E+00
4.827641E+01  3.3975E+00
4.847048E+01  3.3590E+00
4.876160E+01  1.9008E+01
4.948938E+01  1.8303E+01
5.118542E+01  1.6792E+01
5.471721E+01  1.4099E+01
5.849270E+01  1.1819E+01
6.252870E+01  9.9026E+00
6.684318E+01  8.2843E+00
7.145536E+01  6.9285E+00
7.638578E+01  5.7946E+00
8.165640E+01  4.8396E+00
8.729069E+01  4.0300E+00
9.331374E+01  3.3562E+00
9.975239E+01  2.7907E+00
1.066353E+02  2.3152E+00
1.139931E+02  1.9209E+00
1.218587E+02  1.5939E+00
1.302669E+02  1.3227E+00
1.392553E+02  1.0977E+00
1.488640E+02  9.1107E-01
1.591356E+02  7.5623E-01
1.701159E+02  6.2776E-01
1.818539E+02  5.2115E-01
1.944018E+02  4.3268E-01
2.078156E+02  3.5926E-01
2.221548E+02  2.9925E-01
2.374835E+02  2.4945E-01
2.538699E+02  2.0795E-01
2.713869E+02  1.7336E-01
2.901126E+02  1.4454E-01
3.101304E+02  1.2051E-01
3.315294E+02  1.0049E-01
3.544049E+02  8.3796E-02
3.788588E+02  6.9879E-02
4.050001E+02  5.8277E-02
4.329451E+02  4.8604E-02