Ge (Z = 32) Atomic weight: Ar = 72.59000 g mol-1   Nominal density:   ? (g cm-3) = 5.3070
sigma(barns/atom) = [mue/rho](cm2 g-1)  ×  1.20539E+02
E(eV) [mue/rho](cm2 g-1) = f2(e atom-1)  ×  5.79699E+05 
9 edges. Edge energies (keV):
K      1.11031E+01  
L I    1.41430E+00  
L II   1.24780E+00  
L III  1.21670E+00 
M I    1.80000E-01  
M II   1.27900E-01  
M III  1.20800E-01  
M IV   2.87000E-02 
M V    2.87000E-02 
Data
E/keV            [mue/rho]Photoelectric/cm2g-1
2.884350E-02  1.7290E+04
2.908327E-02  1.7459E+04
2.927400E-02  1.7594E+04
3.109002E-02  1.8885E+04
3.323523E-02  2.0524E+04
3.552846E-02  2.2602E+04
3.797993E-02  2.5110E+04
4.060054E-02  2.8023E+04
4.340198E-02  3.1304E+04
4.639671E-02  3.4899E+04
4.959809E-02  3.8731E+04
5.302035E-02  4.2704E+04
5.667876E-02  4.6702E+04
6.058959E-02  5.0596E+04
6.477028E-02  5.4248E+04
6.923942E-02  5.7524E+04
7.401695E-02  6.0297E+04
7.912411E-02  6.2462E+04
8.458368E-02  6.3938E+04
9.041995E-02  6.4674E+04
9.665893E-02  6.4653E+04
1.033284E-01  6.3890E+04
1.104581E-01  6.2430E+04
1.180797E-01  6.0330E+04
1.183840E-01  6.0236E+04
1.201960E-01  5.9660E+04
1.206792E-01  5.9502E+04
1.214040E-01  6.1149E+04
1.232160E-01  6.0595E+04
1.253420E-01  5.9922E+04
1.262272E-01  5.9635E+04
1.272605E-01  5.9297E+04
1.277721E-01  5.9128E+04
1.285395E-01  5.9686E+04
1.304580E-01  5.9065E+04
1.349368E-01  5.7580E+04
1.442475E-01  5.4388E+04
1.542005E-01  5.0940E+04
1.648404E-01  4.7345E+04
1.762144E-01  4.3699E+04
1.764000E-01  4.3641E+04
1.791000E-01  4.2813E+04
1.798200E-01  4.2594E+04
1.809000E-01  4.4041E+04
1.836000E-01  4.3234E+04
1.883732E-01  4.1845E+04
2.013709E-01  3.8305E+04
2.152655E-01  3.4893E+04
2.301188E-01  3.1642E+04
2.459970E-01  2.8577E+04
2.629708E-01  2.5714E+04
2.811158E-01  2.3060E+04
3.005128E-01  2.0616E+04
3.212482E-01  1.8380E+04
3.434143E-01  1.6345E+04
3.671099E-01  1.4500E+04
3.924405E-01  1.2835E+04
4.195189E-01  1.1338E+04
4.484657E-01  9.9965E+03
4.794098E-01  8.7975E+03
5.124891E-01  7.7280E+03
5.478508E-01  6.7557E+03
5.856525E-01  5.8427E+03
6.260625E-01  5.0444E+03
6.692609E-01  4.3490E+03
7.154399E-01  3.7454E+03
7.648052E-01  3.2228E+03
8.175768E-01  2.7715E+03
8.739896E-01  2.3827E+03
9.0000000E-01  2.2295E+03
9.0450000E-01  2.2045E+03
9.0902250E-01  2.1797E+03
9.1356761E-01  2.1552E+03
9.1813545E-01  2.1310E+03
9.2272613E-01  2.1071E+03
9.2733976E-01  2.0834E+03
9.3197646E-01  2.0600E+03
9.3663634E-01  2.0369E+03
9.4131952E-01  2.0140E+03
9.4602612E-01  1.9914E+03
9.5075625E-01  1.9691E+03
9.5551003E-01  1.9470E+03
9.6028758E-01  1.9251E+03
9.6508902E-01  1.9035E+03
9.6991446E-01  1.8822E+03
9.7476404E-01  1.8611E+03
9.7963786E-01  1.8402E+03
9.8453605E-01  1.8196E+03
9.8945873E-01  1.7992E+03
9.9440602E-01  1.7790E+03
9.9937805E-01  1.7591E+03
1.0043749E+00  1.7367E+03
1.0093968E+00  1.7141E+03
1.0144438E+00  1.6919E+03
1.0195160E+00  1.6699E+03
1.0246136E+00  1.6483E+03
1.0297367E+00  1.6270E+03
1.0348853E+00  1.6059E+03
1.0400598E+00  1.5852E+03
1.0452601E+00  1.5647E+03
1.0504864E+00  1.5445E+03
1.0557388E+00  1.5246E+03
1.0610175E+00  1.5049E+03
1.0663226E+00  1.4855E+03
1.0716542E+00  1.4664E+03
1.0770125E+00  1.4476E+03
1.0823975E+00  1.4290E+03
1.0878095E+00  1.4106E+03
1.0932486E+00  1.3925E+03
1.0987148E+00  1.3747E+03
1.1042084E+00  1.3570E+03
1.1097294E+00  1.3397E+03
1.1152781E+00  1.3225E+03
1.1208545E+00  1.3056E+03
1.1264587E+00  1.2890E+03
1.1320910E+00  1.2725E+03
1.1377515E+00  1.2563E+03
1.1434402E+00  1.2403E+03
1.1491574E+00  1.2245E+03
1.1549032E+00  1.2089E+03
1.1606777E+00  1.1935E+03
1.1664811E+00  1.1783E+03
1.1723135E+00  1.1634E+03
1.1781751E+00  1.1486E+03
1.1840660E+00  1.1340E+03
1.1899863E+00  1.1197E+03
1.1959362E+00  1.1055E+03
1.2019159E+00  1.0915E+03
1.2079255E+00  1.0777E+03
1.2139651E+00  1.0641E+03
1.2165985E+00  1.0582E+03
1.2168014E+00  5.6727E+03
1.2200350E+00  5.6333E+03
1.2261351E+00  5.5601E+03
1.2322658E+00  5.4878E+03
1.2384271E+00  5.4164E+03
1.2446193E+00  5.3460E+03
1.2476951E+00  5.3115E+03
1.2479049E+00  7.5295E+03
1.2508424E+00  7.4833E+03
1.2570966E+00  7.3862E+03
1.2633821E+00  7.2904E+03
1.2696990E+00  7.1959E+03
1.2760475E+00  7.1025E+03
1.2824277E+00  7.0104E+03
1.2888399E+00  6.9195E+03
1.2952840E+00  6.8298E+03
1.3017605E+00  6.7412E+03
1.3082693E+00  6.6539E+03
1.3148106E+00  6.5676E+03
1.3213847E+00  6.4825E+03
1.3279916E+00  6.3985E+03
1.3346316E+00  6.3155E+03
1.3413047E+00  6.2337E+03
1.3480112E+00  6.1529E+03
1.3547513E+00  6.0732E+03
1.3615250E+00  5.9946E+03
1.3683327E+00  5.9169E+03
1.3751743E+00  5.8403E+03
1.3820502E+00  5.7646E+03
1.3889605E+00  5.6900E+03
1.3959053E+00  5.6163E+03
1.4028848E+00  5.5436E+03
1.4098992E+00  5.4718E+03
1.4130073E+00  5.4404E+03
1.4155926E+00  6.1774E+03
1.4169487E+00  6.1628E+03
1.4240335E+00  6.0875E+03
1.4311536E+00  6.0130E+03
1.4383094E+00  5.9395E+03
1.4455009E+00  5.8670E+03
1.4527284E+00  5.7953E+03
1.4599921E+00  5.7246E+03
1.4672920E+00  5.6547E+03
1.4746285E+00  5.5857E+03
1.4820016E+00  5.5176E+03
1.4894117E+00  5.4502E+03
1.4968587E+00  5.3836E+03
1.5043430E+00  5.3179E+03
1.5118647E+00  5.2530E+03
1.5194240E+00  5.1888E+03
1.5270212E+00  5.1255E+03
1.5346563E+00  5.0630E+03
1.5423295E+00  5.0012E+03
1.5500412E+00  4.9402E+03
1.5577914E+00  4.8800E+03
1.5655804E+00  4.8205E+03
1.5734083E+00  4.7618E+03
1.5812753E+00  4.7038E+03
1.5891817E+00  4.6462E+03
1.5971276E+00  4.5893E+03
1.6051132E+00  4.5331E+03
1.6131388E+00  4.4777E+03
1.6212045E+00  4.4229E+03
1.6293105E+00  4.3686E+03
1.6374571E+00  4.3150E+03
1.6456443E+00  4.2620E+03
1.6538726E+00  4.2097E+03
1.6621419E+00  4.1580E+03
1.6704526E+00  4.1070E+03
1.6788049E+00  4.0566E+03
1.6871989E+00  4.0068E+03
1.6956349E+00  3.9577E+03
1.7041131E+00  3.9091E+03
1.7126337E+00  3.8612E+03
1.7211968E+00  3.8138E+03
1.7298028E+00  3.7670E+03
1.7384518E+00  3.7208E+03
1.7471441E+00  3.6752E+03
1.7558798E+00  3.6301E+03
1.7646592E+00  3.5856E+03
1.7734825E+00  3.5416E+03
1.7823499E+00  3.4982E+03
1.7912617E+00  3.4553E+03
1.8002180E+00  3.4130E+03
1.8092191E+00  3.3711E+03
1.8182652E+00  3.3298E+03
1.8273565E+00  3.2890E+03
1.8364933E+00  3.2487E+03
1.8456757E+00  3.2086E+03
1.8549041E+00  3.1690E+03
1.8641786E+00  3.1298E+03
1.8734995E+00  3.0911E+03
1.8828670E+00  3.0529E+03
1.8922814E+00  3.0151E+03
1.9017428E+00  2.9779E+03
1.9112515E+00  2.9410E+03
1.9208077E+00  2.9047E+03
1.9304118E+00  2.8688E+03
1.9400638E+00  2.8333E+03
1.9497642E+00  2.7982E+03
1.9595130E+00  2.7636E+03
1.9693105E+00  2.7295E+03
1.9791571E+00  2.6957E+03
1.9890529E+00  2.6624E+03
1.9989981E+00  2.6294E+03
2.0089931E+00  2.5969E+03
2.0190381E+00  2.5648E+03
2.0291333E+00  2.5331E+03
2.0392790E+00  2.5017E+03
2.0494754E+00  2.4708E+03
2.0597227E+00  2.4402E+03
2.0700213E+00  2.4100E+03
2.0803714E+00  2.3802E+03
2.0907733E+00  2.3508E+03
2.1012272E+00  2.3217E+03
2.1117333E+00  2.2930E+03
2.1222920E+00  2.2646E+03
2.1329034E+00  2.2366E+03
2.1435680E+00  2.2090E+03
2.1542858E+00  2.1816E+03
2.1650572E+00  2.1547E+03
2.1758825E+00  2.1280E+03
2.1867619E+00  2.1017E+03
2.1976957E+00  2.0757E+03
2.2086842E+00  2.0500E+03
2.2197276E+00  2.0247E+03
2.2308263E+00  1.9996E+03
2.2419804E+00  1.9749E+03
2.2531903E+00  1.9505E+03
2.2644562E+00  1.9264E+03
2.2757785E+00  1.9025E+03
2.2871574E+00  1.8788E+03
2.2985932E+00  1.8554E+03
2.3100862E+00  1.8324E+03
2.3216366E+00  1.8096E+03
2.3332448E+00  1.7871E+03
2.3449110E+00  1.7648E+03
2.3566356E+00  1.7429E+03
2.3684187E+00  1.7212E+03
2.3802608E+00  1.6998E+03
2.3921621E+00  1.6787E+03
2.4041230E+00  1.6578E+03
2.4161436E+00  1.6372E+03
2.4282243E+00  1.6168E+03
2.4403654E+00  1.5964E+03
2.4525672E+00  1.5761E+03
2.4648301E+00  1.5561E+03
2.4771542E+00  1.5363E+03
2.4895400E+00  1.5168E+03
2.5019877E+00  1.4975E+03
2.5144976E+00  1.4783E+03
2.5270701E+00  1.4593E+03
2.5397055E+00  1.4406E+03
2.5524040E+00  1.4221E+03
2.5651660E+00  1.4039E+03
2.5779919E+00  1.3859E+03
2.5908818E+00  1.3682E+03
2.6038362E+00  1.3506E+03
2.6168554E+00  1.3333E+03
2.6299397E+00  1.3163E+03
2.6430894E+00  1.2994E+03
2.6563048E+00  1.2828E+03
2.6695863E+00  1.2663E+03
2.6829343E+00  1.2501E+03
2.6963489E+00  1.2341E+03
2.7098307E+00  1.2183E+03
2.7233798E+00  1.2028E+03
2.7369967E+00  1.1874E+03
2.7506817E+00  1.1722E+03
2.7644351E+00  1.1572E+03
2.7782573E+00  1.1424E+03
2.7921486E+00  1.1278E+03
2.8061093E+00  1.1134E+03
2.8201399E+00  1.0992E+03
2.8342406E+00  1.0851E+03
2.8484118E+00  1.0712E+03
2.8626539E+00  1.0574E+03
2.8769671E+00  1.0438E+03
2.8913520E+00  1.0303E+03
2.9058087E+00  1.0171E+03
2.9203378E+00  1.0040E+03
2.9349394E+00  9.9111E+02
2.9496141E+00  9.7837E+02
2.9643622E+00  9.6580E+02
2.9791840E+00  9.5340E+02
2.9940799E+00  9.4116E+02
3.0090503E+00  9.2860E+02
3.0240956E+00  9.1590E+02
3.0392161E+00  9.0337E+02
3.0544122E+00  8.9102E+02
3.0696842E+00  8.7884E+02
3.0850326E+00  8.6683E+02
3.1004578E+00  8.5499E+02
3.1159601E+00  8.4332E+02
3.1315399E+00  8.3181E+02
3.1471976E+00  8.2046E+02
3.1629336E+00  8.0928E+02
3.1787482E+00  7.9824E+02
3.1946420E+00  7.8736E+02
3.2106152E+00  7.7664E+02
3.2266683E+00  7.6606E+02
3.2428016E+00  7.5563E+02
3.2590156E+00  7.4535E+02
3.2753107E+00  7.3521E+02
3.2916873E+00  7.2521E+02
3.3081457E+00  7.1536E+02
3.3246864E+00  7.0564E+02
3.3413099E+00  6.9605E+02
3.3580164E+00  6.8660E+02
3.3748065E+00  6.7728E+02
3.3916805E+00  6.6808E+02
3.4086389E+00  6.5899E+02
3.4256821E+00  6.5004E+02
3.4428105E+00  6.4121E+02
3.4600246E+00  6.3250E+02
3.4773247E+00  6.2391E+02
3.4947113E+00  6.1545E+02
3.5121849E+00  6.0710E+02
3.5297458E+00  5.9886E+02
3.5473945E+00  5.9075E+02
3.5651315E+00  5.8274E+02
3.5829572E+00  5.7485E+02
3.6008719E+00  5.6706E+02
3.6188763E+00  5.5939E+02
3.6369707E+00  5.5182E+02
3.6551555E+00  5.4435E+02
3.6734313E+00  5.3699E+02
3.6917985E+00  5.2973E+02
3.7102575E+00  5.2258E+02
3.7288088E+00  5.1552E+02
3.7474528E+00  5.0856E+02
3.7661901E+00  5.0169E+02
3.7850210E+00  4.9493E+02
3.8039461E+00  4.8825E+02
3.8229659E+00  4.8167E+02
3.8420807E+00  4.7518E+02
3.8612911E+00  4.6878E+02
3.8805975E+00  4.6246E+02
3.9000005E+00  4.5624E+02
3.9195005E+00  4.5010E+02
3.9390980E+00  4.4404E+02
3.9587935E+00  4.3807E+02
3.9785875E+00  4.3218E+02
3.9984804E+00  4.2638E+02