Hf (Z = 72) Atomic weight: Ar = 178.4900 g mol-1   Nominal density:   ? (g cm-3) = 1.3290E+01
sigma(barns/atom) = [mue/rho](cm2 g-1)  ×  2.96390E+02
E(eV) [mue/rho](cm2 g-1) = f2(e atom-1)  ×  2.35757E+05
20 edges. Edge energies (keV):
K      6.53508E+01  
L I    1.12707E+01  
L II   1.07394E+01  
L III  9.56070E+00 
M I    2.60090E+00  
M II   2.36540E+00  
M III  2.10760E+00  
M IV   1.71640E+00 
M V    1.66170E+00  
N I    5.38100E-01  
N II   4.37000E-01  
N III  3.80400E-01 
N IV   2.23800E-01  
N V    2.13700E-01  
N VI   1.71000E-02  
N VII  1.71000E-02 
O I    6.49000E-02  
O II   3.81000E-02  
O III  3.06000E-02  
O IV   5.00000E-03 
Data
E/keV            [mue/rho]Photoelectric/cm2g-1
5.025000E-03  4.7938E+04
5.100000E-03  4.6879E+04
1.069000E-02  4.2624E+04
1.142761E-02  4.2740E+04
1.221612E-02  4.2314E+04
1.305903E-02  4.1310E+04
1.396010E-02  3.9738E+04
1.492335E-02  3.7645E+04
1.595306E-02  3.5117E+04
1.675800E-02  3.3036E+04
1.701450E-02  3.2365E+04
1.705382E-02  3.2263E+04
1.708290E-02  3.2186E+04
1.718550E-02  3.9787E+04
1.744200E-02  3.8711E+04
1.823053E-02  3.5577E+04
1.948844E-02  3.1132E+04
2.083314E-02  2.7222E+04
2.227063E-02  2.3752E+04
2.380730E-02  2.0691E+04
2.545001E-02  1.8035E+04
2.720606E-02  1.5782E+04
2.908327E-02  1.3926E+04
2.998800E-02  1.3203E+04
3.044700E-02  1.2873E+04
3.056940E-02  1.2790E+04
3.075300E-02  6.8213E+04
3.109002E-02  6.6178E+04
3.121200E-02  6.5464E+04
3.323523E-02  5.5158E+04
3.552846E-02  4.5911E+04
3.733800E-02  3.9752E+04
3.790950E-02  3.8026E+04
3.797993E-02  3.7821E+04
3.806190E-02  3.7584E+04
3.829050E-02  5.8709E+04
3.886200E-02  5.6445E+04
4.060054E-02  5.0347E+04
4.340198E-02  4.2569E+04
4.639671E-02  3.6054E+04
4.959809E-02  3.0862E+04
5.302035E-02  2.6982E+04
5.667876E-02  2.4283E+04
6.058959E-02  2.2579E+04
6.360200E-02  2.1849E+04
6.457550E-02  2.1696E+04
6.477028E-02  2.1669E+04
6.483510E-02  2.1661E+04
6.522450E-02  2.1788E+04
6.619800E-02  2.1690E+04
6.923942E-02  2.1550E+04
7.401695E-02  2.1649E+04
7.912411E-02  2.1972E+04
8.458368E-02  2.2403E+04
9.041995E-02  2.2853E+04
9.665893E-02  2.3259E+04
1.0000000E-01  2.3435E+04
1.0050000E-01  2.3458E+04
1.0100250E-01  2.3481E+04
1.0150751E-01  2.3503E+04
1.0201505E-01  2.3524E+04
1.0252513E-01  2.3545E+04
1.0303775E-01  2.3565E+04
1.0355294E-01  2.3584E+04
1.0407070E-01  2.3603E+04
1.0459106E-01  2.3621E+04
1.0511401E-01  2.3638E+04
1.0563958E-01  2.3654E+04
1.0616778E-01  2.3670E+04
1.0669862E-01  2.3685E+04
1.0723211E-01  2.3699E+04
1.0776827E-01  2.3713E+04
1.0830712E-01  2.3726E+04
1.0884865E-01  2.3738E+04
1.0939289E-01  2.3749E+04
1.0993986E-01  2.3759E+04
1.1048956E-01  2.3769E+04
1.1104201E-01  2.3778E+04
1.1159722E-01  2.3786E+04
1.1215520E-01  2.3793E+04
1.1271598E-01  2.3800E+04
1.1327956E-01  2.3805E+04
1.1384596E-01  2.3810E+04
1.1441519E-01  2.3814E+04
1.1498726E-01  2.3818E+04
1.1556220E-01  2.3820E+04
1.1614001E-01  2.3822E+04
1.1672071E-01  2.3823E+04
1.1730431E-01  2.3823E+04
1.1789083E-01  2.3822E+04
1.1848029E-01  2.3821E+04
1.1907269E-01  2.3818E+04
1.1966805E-01  2.3815E+04
1.2026639E-01  2.3811E+04
1.2086772E-01  2.3807E+04
1.2147206E-01  2.3801E+04
1.2207942E-01  2.3795E+04
1.2268982E-01  2.3788E+04
1.2330327E-01  2.3780E+04
1.2391979E-01  2.3771E+04
1.2453939E-01  2.3762E+04
1.2516208E-01  2.3751E+04
1.2578789E-01  2.3740E+04
1.2641683E-01  2.3728E+04
1.2704892E-01  2.3716E+04
1.2768416E-01  2.3702E+04
1.2832258E-01  2.3688E+04
1.2896419E-01  2.3673E+04
1.2960902E-01  2.3658E+04
1.3025706E-01  2.3641E+04
1.3090835E-01  2.3624E+04
1.3156289E-01  2.3606E+04
1.3222070E-01  2.3587E+04
1.3288181E-01  2.3568E+04
1.3354621E-01  2.3548E+04
1.3421395E-01  2.3527E+04
1.3488502E-01  2.3505E+04
1.3555944E-01  2.3483E+04
1.3623724E-01  2.3460E+04
1.3691842E-01  2.3436E+04
1.3760302E-01  2.3412E+04
1.3829103E-01  2.3387E+04
1.3898249E-01  2.3361E+04
1.3967740E-01  2.3334E+04
1.4037579E-01  2.3307E+04
1.4107766E-01  2.3279E+04
1.4178305E-01  2.3251E+04
1.4249197E-01  2.3222E+04
1.4320443E-01  2.3192E+04
1.4392045E-01  2.3161E+04
1.4464005E-01  2.3130E+04
1.4536325E-01  2.3098E+04
1.4609007E-01  2.3066E+04
1.4682052E-01  2.3033E+04
1.4755462E-01  2.2999E+04
1.4829239E-01  2.2965E+04
1.4903386E-01  2.2930E+04
1.4977903E-01  2.2895E+04
1.5052792E-01  2.2859E+04
1.5128056E-01  2.2822E+04
1.5203696E-01  2.2785E+04
1.5279715E-01  2.2747E+04
1.5356113E-01  2.2709E+04
1.5432894E-01  2.2670E+04
1.5510058E-01  2.2631E+04
1.5587609E-01  2.2591E+04
1.5665547E-01  2.2550E+04
1.5743875E-01  2.2509E+04
1.5822594E-01  2.2468E+04
1.5901707E-01  2.2426E+04
1.5981215E-01  2.2383E+04
1.6061121E-01  2.2340E+04
1.6141427E-01  2.2297E+04
1.6222134E-01  2.2253E+04
1.6303245E-01  2.2209E+04
1.6384761E-01  2.2164E+04
1.6466685E-01  2.2119E+04
1.6549018E-01  2.2073E+04
1.6631763E-01  2.2027E+04
1.6714922E-01  2.1980E+04
1.6798497E-01  2.1933E+04
1.6882489E-01  2.1886E+04
1.6966902E-01  2.1838E+04
1.7051736E-01  2.1790E+04
1.7136995E-01  2.1741E+04
1.7222680E-01  2.1692E+04
1.7308793E-01  2.1643E+04
1.7395337E-01  2.1593E+04
1.7482314E-01  2.1543E+04
1.7569726E-01  2.1492E+04
1.7657574E-01  2.1442E+04
1.7745862E-01  2.1390E+04
1.7834591E-01  2.1339E+04
1.7923764E-01  2.1287E+04
1.8013383E-01  2.1235E+04
1.8103450E-01  2.1183E+04
1.8193967E-01  2.1130E+04
1.8284937E-01  2.1077E+04
1.8376362E-01  2.1024E+04
1.8468244E-01  2.0970E+04
1.8560585E-01  2.0916E+04
1.8653388E-01  2.0862E+04
1.8746655E-01  2.0808E+04
1.8840388E-01  2.0753E+04
1.8934590E-01  2.0698E+04
1.9029263E-01  2.0643E+04
1.9124409E-01  2.0588E+04
1.9220031E-01  2.0532E+04
1.9316131E-01  2.0477E+04
1.9412712E-01  2.0421E+04
1.9509776E-01  2.0365E+04
1.9607325E-01  2.0308E+04
1.9705361E-01  2.0252E+04
1.9803888E-01  2.0195E+04
1.9902907E-01  2.0138E+04
2.0002422E-01  2.0081E+04
2.0102434E-01  2.0024E+04
2.0202946E-01  1.9966E+04
2.0303961E-01  1.9909E+04
2.0405481E-01  1.9851E+04
2.0507508E-01  1.9793E+04
2.0610046E-01  1.9735E+04
2.0713096E-01  1.9677E+04
2.0816661E-01  1.9619E+04
2.0920745E-01  1.9560E+04
2.1025348E-01  1.9502E+04
2.1130475E-01  1.9443E+04
2.1236128E-01  1.9385E+04
2.1342308E-01  1.9326E+04
2.1354015E-01  1.9320E+04
2.1385984E-01  2.1973E+04
2.1449020E-01  2.1891E+04
2.1556265E-01  2.1755E+04
2.1664046E-01  2.1621E+04
2.1772366E-01  2.1489E+04
2.1881228E-01  2.1359E+04
2.1990634E-01  2.1231E+04
2.2100588E-01  2.1105E+04
2.2211090E-01  2.0981E+04
2.2322146E-01  2.0859E+04
2.2361559E-01  2.0816E+04
2.2398441E-01  2.2603E+04
2.2433757E-01  2.2547E+04
2.2545925E-01  2.2373E+04
2.2658655E-01  2.2202E+04
2.2771948E-01  2.2035E+04
2.2885808E-01  2.1871E+04
2.3000237E-01  2.1710E+04
2.3115238E-01  2.1552E+04
2.3230814E-01  2.1397E+04
2.3346969E-01  2.1245E+04
2.3463703E-01  2.1095E+04
2.3581022E-01  2.0949E+04
2.3698927E-01  2.0806E+04
2.3817422E-01  2.0667E+04
2.3936509E-01  2.0532E+04
2.4056191E-01  2.0400E+04
2.4176472E-01  2.0271E+04
2.4297355E-01  2.0146E+04
2.4418841E-01  2.0023E+04
2.4540936E-01  1.9903E+04
2.4663640E-01  1.9786E+04
2.4786959E-01  1.9671E+04
2.4910893E-01  1.9561E+04
2.5035448E-01  1.9453E+04
2.5160625E-01  1.9348E+04
2.5286428E-01  1.9245E+04
2.5412860E-01  1.9145E+04
2.5539925E-01  1.9048E+04
2.5667624E-01  1.8953E+04
2.5795962E-01  1.8860E+04
2.5924942E-01  1.8769E+04
2.6054567E-01  1.8680E+04
2.6184840E-01  1.8593E+04
2.6315764E-01  1.8507E+04
2.6447343E-01  1.8423E+04
2.6579579E-01  1.8341E+04
2.6712477E-01  1.8260E+04
2.6846040E-01  1.8181E+04
2.6980270E-01  1.8103E+04
2.7115171E-01  1.8026E+04
2.7250747E-01  1.7950E+04
2.7387001E-01  1.7876E+04
2.7523936E-01  1.7803E+04
2.7661556E-01  1.7730E+04
2.7799863E-01  1.7659E+04
2.7938863E-01  1.7589E+04
2.8078557E-01  1.7520E+04
2.8218950E-01  1.7452E+04
2.8360044E-01  1.7385E+04
2.8501845E-01  1.7318E+04
2.8644354E-01  1.7253E+04
2.8787576E-01  1.7181E+04
2.8931514E-01  1.7105E+04
2.9076171E-01  1.7030E+04
2.9221552E-01  1.6955E+04
2.9367660E-01  1.6882E+04
2.9514498E-01  1.6809E+04
2.9662071E-01  1.6736E+04
2.9810381E-01  1.6665E+04
2.9959433E-01  1.6594E+04
3.0109230E-01  1.6523E+04
3.0259776E-01  1.6454E+04
3.0411075E-01  1.6384E+04
3.0563130E-01  1.6316E+04
3.0715946E-01  1.6242E+04
3.0869526E-01  1.6166E+04
3.1023873E-01  1.6090E+04
3.1178993E-01  1.6015E+04
3.1334888E-01  1.5940E+04
3.1491562E-01  1.5866E+04
3.1649020E-01  1.5792E+04
3.1807265E-01  1.5719E+04
3.1966301E-01  1.5646E+04
3.2126133E-01  1.5570E+04
3.2286764E-01  1.5453E+04
3.2448197E-01  1.5337E+04
3.2610438E-01  1.5222E+04
3.2773491E-01  1.5108E+04
3.2937358E-01  1.4995E+04
3.3102045E-01  1.4882E+04
3.3267555E-01  1.4771E+04
3.3433893E-01  1.4660E+04
3.3601062E-01  1.4550E+04
3.3769068E-01  1.4440E+04
3.3937913E-01  1.4332E+04
3.4107602E-01  1.4224E+04
3.4278140E-01  1.4117E+04
3.4449531E-01  1.4010E+04
3.4621779E-01  1.3905E+04
3.4794888E-01  1.3800E+04
3.4968862E-01  1.3696E+04
3.5143706E-01  1.3593E+04
3.5319425E-01  1.3490E+04
3.5496022E-01  1.3388E+04
3.5673502E-01  1.3288E+04
3.5851870E-01  1.3187E+04
3.6031129E-01  1.3088E+04
3.6211285E-01  1.2989E+04
3.6392341E-01  1.2891E+04
3.6574303E-01  1.2794E+04
3.6757174E-01  1.2697E+04
3.6940960E-01  1.2602E+04
3.7125665E-01  1.2506E+04
3.7311293E-01  1.2412E+04
3.7497850E-01  1.2319E+04
3.7685339E-01  1.2226E+04
3.7873766E-01  1.2134E+04
3.7992070E-01  1.2076E+04
3.8063135E-01  1.2865E+04
3.8087931E-01  1.2853E+04
3.8253450E-01  1.2772E+04
3.8444718E-01  1.2681E+04
3.8636941E-01  1.2590E+04
3.8830126E-01  1.2499E+04
3.9024276E-01  1.2410E+04
3.9219398E-01  1.2321E+04
3.9415495E-01  1.2232E+04
3.9612572E-01  1.2145E+04
3.9810635E-01  1.2058E+04
4.0009688E-01  1.1972E+04
4.0209737E-01  1.1886E+04
4.0410785E-01  1.1801E+04
4.0612839E-01  1.1717E+04
4.0815904E-01  1.1634E+04
4.1019983E-01  1.1551E+04
4.1225083E-01  1.1469E+04
4.1431208E-01  1.1387E+04
4.1638364E-01  1.1306E+04
4.1846556E-01  1.1226E+04
4.2055789E-01  1.1146E+04
4.2266068E-01  1.1067E+04
4.2477398E-01  1.0989E+04
4.2689785E-01  1.0911E+04
4.2903234E-01  1.0833E+04
4.3117750E-01  1.0757E+04
4.3333339E-01  1.0681E+04
4.3550006E-01  1.0605E+04
4.3637510E-01  1.0575E+04
4.3762492E-01  1.0716E+04
4.3767756E-01  1.0714E+04
4.3986595E-01  1.0640E+04
4.4206528E-01  1.0566E+04
4.4427560E-01  1.0493E+04
4.4649698E-01  1.0420E+04
4.4872947E-01  1.0348E+04
4.5097311E-01  1.0277E+04
4.5322798E-01  1.0206E+04
4.5549412E-01  1.0135E+04
4.5777159E-01  1.0065E+04
4.6006045E-01  9.9959E+03
4.6236075E-01  9.9270E+03
4.6467255E-01  9.8586E+03
4.6699592E-01  9.7907E+03
4.6933090E-01  9.7234E+03
4.7167755E-01  9.6565E+03
4.7403594E-01  9.5900E+03
4.7640612E-01  9.5241E+03
4.7878815E-01  9.4587E+03
4.8118209E-01  9.3937E+03
4.8358800E-01  9.3292E+03
4.8600594E-01  9.2651E+03
4.8843597E-01  9.2015E+03
4.9087815E-01  9.1383E+03
4.9333254E-01  9.0756E+03
4.9579920E-01  9.0133E+03
4.9827820E-01  8.9514E+03
5.0076959E-01  8.8899E+03
5.0327344E-01  8.8289E+03
5.0578980E-01  8.7683E+03
5.0831875E-01  8.7081E+03
5.1086035E-01  8.6482E+03
5.1341465E-01  8.5888E+03
5.1598172E-01  8.5298E+03
5.1856163E-01  8.4711E+03
5.2115444E-01  8.4129E+03
5.2376021E-01  8.3550E+03
5.2637901E-01  8.2975E+03
5.2901091E-01  8.2403E+03
5.3165596E-01  8.1835E+03
5.3431424E-01  8.1271E+03
5.3698581E-01  8.0710E+03
5.3724443E-01  8.0656E+03
5.3895558E-01  8.2603E+03
5.3967074E-01  8.2453E+03
5.4236910E-01  8.1892E+03
5.4508094E-01  8.1334E+03
5.4780635E-01  8.0779E+03
5.5054538E-01  8.0228E+03
5.5329810E-01  7.9680E+03
5.5606460E-01  7.9135E+03
5.5884492E-01  7.8593E+03
5.6163914E-01  7.8055E+03
5.6444734E-01  7.7520E+03
5.6726958E-01  7.6988E+03
5.7010592E-01  7.6458E+03
5.7295645E-01  7.5932E+03
5.7582123E-01  7.5409E+03
5.7870034E-01  7.4888E+03
5.8159384E-01  7.4371E+03
5.8450181E-01  7.3856E+03
5.8742432E-01  7.3344E+03
5.9036144E-01  7.2835E+03
5.9331325E-01  7.2329E+03
5.9627982E-01  7.1825E+03
5.9926122E-01  7.1324E+03
6.0225752E-01  7.0826E+03
6.0526881E-01  7.0330E+03
6.0829515E-01  6.9837E+03
6.1133663E-01  6.9346E+03
6.1439331E-01  6.8858E+03
6.1746528E-01  6.8373E+03
6.2055260E-01  6.7890E+03
6.2365537E-01  6.7410E+03
6.2677364E-01  6.6932E+03
6.2990751E-01  6.6456E+03
6.3305705E-01  6.5983E+03
6.3622234E-01  6.5512E+03
6.3940345E-01  6.5044E+03
6.4260046E-01  6.4578E+03
6.4581347E-01  6.4114E+03
6.4904253E-01  6.3653E+03
6.5228775E-01  6.3194E+03
6.5554919E-01  6.2737E+03
6.5882693E-01  6.2283E+03
6.6212107E-01  6.1831E+03
6.6543167E-01  6.1381E+03
6.6875883E-01  6.0934E+03
6.7210262E-01  6.0489E+03
6.7546314E-01  6.0046E+03
6.7884045E-01  5.9605E+03
6.8223466E-01  5.9167E+03
6.8564583E-01  5.8731E+03
6.8907406E-01  5.8297E+03
6.9251943E-01  5.7865E+03
6.9598202E-01  5.7435E+03
6.9946194E-01  5.7008E+03
7.0295924E-01  5.6583E+03
7.0647404E-01  5.6160E+03
7.1000641E-01  5.5739E+03
7.1355644E-01  5.5320E+03
7.1712423E-01  5.4904E+03
7.2070985E-01  5.4489E+03
7.2431340E-01  5.4077E+03
7.2793496E-01  5.3667E+03
7.3157464E-01  5.3259E+03
7.3523251E-01  5.2854E+03
7.3890867E-01  5.2450E+03
7.4260322E-01  5.2047E+03
7.4631623E-01  5.1646E+03
7.5004781E-01  5.1248E+03
7.5379805E-01  5.0851E+03
7.5756704E-01  5.0457E+03
7.6135488E-01  5.0064E+03
7.6516165E-01  4.9674E+03
7.6898746E-01  4.9286E+03
7.7283240E-01  4.8900E+03
7.7669656E-01  4.8516E+03
7.8058004E-01  4.8134E+03
7.8448294E-01  4.7754E+03
7.8840536E-01  4.7377E+03
7.9234738E-01  4.7001E+03
7.9630912E-01  4.6628E+03
8.0029067E-01  4.6256E+03
8.0429212E-01  4.5887E+03
8.0831358E-01  4.5520E+03
8.1235515E-01  4.5155E+03
8.1641693E-01  4.4792E+03
8.2049901E-01  4.4431E+03
8.2460150E-01  4.4073E+03
8.2872451E-01  4.3716E+03
8.3286813E-01  4.3362E+03
8.3703248E-01  4.3009E+03
8.4121764E-01  4.2659E+03
8.4542373E-01  4.2311E+03
8.4965084E-01  4.1965E+03
8.5389910E-01  4.1621E+03
8.5816859E-01  4.1279E+03
8.6245944E-01  4.0939E+03
8.6677173E-01  4.0601E+03
8.7110559E-01  4.0265E+03
8.7546112E-01  3.9931E+03
8.7983843E-01  3.9599E+03
8.8423762E-01  3.9269E+03
8.8865881E-01  3.8941E+03
8.9310210E-01  3.8615E+03
8.9756761E-01  3.8291E+03
9.0205545E-01  3.7969E+03
9.0656573E-01  3.7649E+03
9.1109856E-01  3.7331E+03
9.1565405E-01  3.7015E+03
9.2023232E-01  3.6701E+03
9.2483348E-01  3.6389E+03
9.2945765E-01  3.6079E+03
9.3410494E-01  3.5771E+03
9.3877546E-01  3.5465E+03
9.4346934E-01  3.5161E+03
9.4818668E-01  3.4860E+03
9.5292762E-01  3.4561E+03
9.5769226E-01  3.4264E+03
9.6248072E-01  3.3969E+03
9.6729312E-01  3.3677E+03
9.7212959E-01  3.3387E+03
9.7699023E-01  3.3099E+03
9.8187519E-01  3.2814E+03
9.8678456E-01  3.2530E+03
9.9171848E-01  3.2250E+03
9.9667708E-01  3.1971E+03
1.0016605E+00  3.1664E+03
1.0066688E+00  3.1300E+03
1.0117021E+00  3.0941E+03
1.0167606E+00  3.0586E+03
1.0218444E+00  3.0235E+03
1.0269536E+00  2.9889E+03
1.0320884E+00  2.9547E+03
1.0372489E+00  2.9210E+03
1.0424351E+00  2.8877E+03
1.0476473E+00  2.8548E+03
1.0528855E+00  2.8223E+03
1.0581499E+00  2.7902E+03
1.0634407E+00  2.7585E+03
1.0687579E+00  2.7273E+03
1.0741017E+00  2.6964E+03
1.0794722E+00  2.6659E+03
1.0848695E+00  2.6358E+03
1.0902939E+00  2.6060E+03
1.0957454E+00  2.5766E+03
1.1012241E+00  2.5476E+03
1.1067302E+00  2.5190E+03
1.1122639E+00  2.4907E+03
1.1178252E+00  2.4627E+03
1.1234143E+00  2.4351E+03
1.1290314E+00  2.4079E+03
1.1346765E+00  2.3809E+03
1.1403499E+00  2.3543E+03
1.1460517E+00  2.3281E+03
1.1517819E+00  2.3021E+03
1.1575408E+00  2.2765E+03
1.1633285E+00  2.2512E+03
1.1691452E+00  2.2262E+03
1.1749909E+00  2.2015E+03
1.1808659E+00  2.1771E+03
1.1867702E+00  2.1530E+03
1.1927040E+00  2.1292E+03
1.1986676E+00  2.1057E+03
1.2046609E+00  2.0825E+03
1.2106842E+00  2.0595E+03
1.2167376E+00  2.0369E+03
1.2228213E+00  2.0145E+03
1.2289354E+00  1.9923E+03
1.2350801E+00  1.9705E+03
1.2412555E+00  1.9489E+03
1.2474618E+00  1.9276E+03
1.2536991E+00  1.9065E+03
1.2599676E+00  1.8856E+03
1.2662674E+00  1.8651E+03
1.2725988E+00  1.8447E+03
1.2789618E+00  1.8247E+03
1.2853566E+00  1.8048E+03
1.2917833E+00  1.7852E+03
1.2982423E+00  1.7658E+03
1.3047335E+00  1.7467E+03
1.3112571E+00  1.7278E+03
1.3178134E+00  1.7091E+03
1.3244025E+00  1.6906E+03
1.3310245E+00  1.6724E+03
1.3376796E+00  1.6544E+03
1.3443680E+00  1.6366E+03
1.3510899E+00  1.6190E+03
1.3578453E+00  1.6016E+03
1.3646345E+00  1.5844E+03
1.3714577E+00  1.5674E+03
1.3783150E+00  1.5506E+03
1.3852066E+00  1.5340E+03
1.3921326E+00  1.5176E+03
1.3990933E+00  1.5015E+03
1.4060887E+00  1.4854E+03
1.4131192E+00  1.4696E+03
1.4201848E+00  1.4540E+03
1.4272857E+00  1.4386E+03
1.4344221E+00  1.4233E+03
1.4415942E+00  1.4082E+03
1.4488022E+00  1.3933E+03
1.4560462E+00  1.3786E+03
1.4633265E+00  1.3640E+03
1.4706431E+00  1.3496E+03
1.4779963E+00  1.3354E+03
1.4853863E+00  1.3213E+03
1.4928132E+00  1.3074E+03
1.5002773E+00  1.2937E+03
1.5077787E+00  1.2801E+03
1.5153176E+00  1.2667E+03
1.5228942E+00  1.2534E+03
1.5305086E+00  1.2400E+03
1.5381612E+00  1.2268E+03
1.5458520E+00  1.2138E+03
1.5535812E+00  1.2009E+03
1.5613491E+00  1.1881E+03
1.5691559E+00  1.1755E+03
1.5770017E+00  1.1631E+03
1.5848867E+00  1.1508E+03
1.5928111E+00  1.1386E+03
1.6007752E+00  1.1266E+03
1.6087790E+00  1.1147E+03
1.6168229E+00  1.1030E+03
1.6249070E+00  1.0914E+03
1.6330316E+00  1.0799E+03
1.6411967E+00  1.0686E+03
1.6494027E+00  1.0574E+03
1.6576497E+00  1.0463E+03
1.6614142E+00  1.0413E+03
1.6619858E+00  3.6938E+03
1.6659380E+00  3.6722E+03
1.6742677E+00  3.6271E+03
1.6826390E+00  3.5827E+03
1.6910522E+00  3.5388E+03
1.6995075E+00  3.4955E+03
1.7080050E+00  3.4527E+03
1.7158508E+00  3.4138E+03
1.7165450E+00  5.0943E+03
1.7169493E+00  5.0914E+03
1.7251278E+00  5.0313E+03
1.7337534E+00  4.9691E+03
1.7424222E+00  4.9077E+03
1.7511343E+00  4.8470E+03
1.7598899E+00  4.7870E+03
1.7686894E+00  4.7277E+03
1.7775328E+00  4.6692E+03
1.7864205E+00  4.6115E+03
1.7953526E+00  4.5544E+03
1.8043294E+00  4.4981E+03
1.8133510E+00  4.4424E+03
1.8224178E+00  4.3875E+03
1.8315299E+00  4.3333E+03
1.8406875E+00  4.2797E+03
1.8498909E+00  4.2269E+03
1.8591404E+00  4.1746E+03
1.8684361E+00  4.1231E+03
1.8777783E+00  4.0722E+03
1.8871672E+00  4.0219E+03
1.8966030E+00  3.9723E+03
1.9060860E+00  3.9233E+03
1.9156165E+00  3.8749E+03
1.9251945E+00  3.8271E+03
1.9348205E+00  3.7799E+03
1.9444946E+00  3.7333E+03
1.9542171E+00  3.6873E+03
1.9639882E+00  3.6418E+03
1.9738081E+00  3.5970E+03
1.9836772E+00  3.5527E+03
1.9935955E+00  3.5089E+03
2.0035635E+00  3.4657E+03
2.0135813E+00  3.4231E+03
2.0236492E+00  3.3810E+03
2.0337675E+00  3.3394E+03
2.0439363E+00  3.2983E+03
2.0541560E+00  3.2577E+03
2.0644268E+00  3.2177E+03
2.0747489E+00  3.1781E+03
2.0851227E+00  3.1391E+03
2.0955483E+00  3.1005E+03
2.1052605E+00  3.0652E+03
2.1060260E+00  3.0624E+03
2.1099394E+00  3.5781E+03
2.1165562E+00  3.5494E+03
2.1271389E+00  3.5041E+03
2.1377746E+00  3.4594E+03
2.1484635E+00  3.4153E+03
2.1592058E+00  3.3717E+03
2.1700018E+00  3.3282E+03
2.1808519E+00  3.2852E+03
2.1917561E+00  3.2428E+03
2.2027149E+00  3.2009E+03
2.2137285E+00  3.1600E+03
2.2247971E+00  3.1214E+03
2.2359211E+00  3.0832E+03
2.2471007E+00  3.0454E+03
2.2583362E+00  3.0082E+03
2.2696279E+00  2.9716E+03
2.2809760E+00  2.9354E+03
2.2923809E+00  2.8999E+03
2.3038428E+00  2.8648E+03
2.3153620E+00  2.8303E+03
2.3269388E+00  2.7962E+03
2.3385735E+00  2.7627E+03
2.3502664E+00  2.7296E+03
2.3620177E+00  2.6969E+03
2.3625852E+00  2.6954E+03
2.3682149E+00  2.8675E+03
2.3738278E+00  2.8507E+03
2.3856970E+00  2.8158E+03
2.3976254E+00  2.7813E+03
2.4096136E+00  2.7473E+03
2.4216616E+00  2.7138E+03
2.4337699E+00  2.6808E+03
2.4459388E+00  2.6481E+03
2.4581685E+00  2.6159E+03
2.4704593E+00  2.5842E+03
2.4828116E+00  2.5529E+03
2.4952257E+00  2.5231E+03
2.5077018E+00  2.4938E+03
2.5202403E+00  2.4649E+03
2.5328415E+00  2.4364E+03
2.5455057E+00  2.4083E+03
2.5582333E+00  2.3806E+03
2.5710244E+00  2.3533E+03
2.5838796E+00  2.3263E+03
2.5957502E+00  2.3019E+03
2.5967990E+00  2.2997E+03
2.6060497E+00  2.3856E+03
2.6097829E+00  2.3779E+03
2.6228319E+00  2.3511E+03
2.6359460E+00  2.3246E+03
2.6491257E+00  2.2985E+03
2.6623714E+00  2.2727E+03
2.6756832E+00  2.2472E+03
2.6890617E+00  2.2221E+03
2.7025070E+00  2.1972E+03
2.7160195E+00  2.1726E+03
2.7295996E+00  2.1483E+03
2.7432476E+00  2.1243E+03
2.7569638E+00  2.1004E+03
2.7707486E+00  2.0768E+03
2.7846024E+00  2.0535E+03
2.7985254E+00  2.0304E+03
2.8125180E+00  2.0076E+03
2.8265806E+00  1.9851E+03
2.8407135E+00  1.9628E+03
2.8549171E+00  1.9408E+03
2.8691917E+00  1.9191E+03
2.8835376E+00  1.8975E+03
2.8979553E+00  1.8763E+03
2.9124451E+00  1.8552E+03
2.9270073E+00  1.8344E+03
2.9416424E+00  1.8139E+03
2.9563506E+00  1.7935E+03
2.9711323E+00  1.7734E+03
2.9859880E+00  1.7535E+03
3.0009179E+00  1.7337E+03
3.0159225E+00  1.7127E+03
3.0310021E+00  1.6920E+03
3.0461571E+00  1.6715E+03
3.0613879E+00  1.6512E+03
3.0766949E+00  1.6312E+03
3.0920783E+00  1.6113E+03
3.1075387E+00  1.5917E+03
3.1230764E+00  1.5723E+03
3.1386918E+00  1.5532E+03
3.1543853E+00  1.5343E+03
3.1701572E+00  1.5156E+03
3.1860080E+00  1.4972E+03
3.2019380E+00  1.4789E+03
3.2179477E+00  1.4610E+03
3.2340374E+00  1.4432E+03
3.2502076E+00  1.4257E+03
3.2664587E+00  1.4084E+03
3.2827910E+00  1.3913E+03
3.2992049E+00  1.3744E+03
3.3157009E+00  1.3578E+03
3.3322794E+00  1.3410E+03
3.3489408E+00  1.3243E+03
3.3656856E+00  1.3077E+03
3.3825140E+00  1.2914E+03
3.3994265E+00  1.2752E+03
3.4164237E+00  1.2593E+03
3.4335058E+00  1.2436E+03
3.4506733E+00  1.2277E+03
3.4679267E+00  1.2121E+03
3.4852663E+00  1.1966E+03
3.5026927E+00  1.1814E+03
3.5202061E+00  1.1664E+03
3.5378072E+00  1.1516E+03
3.5554962E+00  1.1370E+03
3.5732737E+00  1.1226E+03
3.5911400E+00  1.1084E+03
3.6090957E+00  1.0944E+03
3.6271412E+00  1.0805E+03
3.6452769E+00  1.0669E+03
3.6635033E+00  1.0534E+03
3.6818208E+00  1.0401E+03
3.7002299E+00  1.0270E+03
3.7187311E+00  1.0141E+03
3.7373247E+00  1.0014E+03
3.7560114E+00  9.8879E+02
3.7747914E+00  9.7638E+02
3.7936654E+00  9.6414E+02
3.8126337E+00  9.5206E+02
3.8316969E+00  9.4015E+02
3.8508554E+00  9.2839E+02
3.8701096E+00  9.1679E+02
3.8894602E+00  9.0535E+02
3.9089075E+00  8.9406E+02
3.9284520E+00  8.8292E+02
3.9480943E+00  8.7193E+02
3.9678347E+00  8.6108E+02
3.9876739E+00  8.5038E+02
4.055024E+00  8.1535E+02
4.334821E+00  6.8851E+02
4.633924E+00  5.8067E+02
4.953664E+00  4.8956E+02
5.295467E+00  4.1286E+02
5.660855E+00  3.4837E+02
6.051453E+00  2.9437E+02
6.469004E+00  2.4908E+02
6.915365E+00  2.1105E+02
7.392525E+00  1.7876E+02
7.902609E+00  1.5098E+02
8.447890E+00  1.2769E+02
9.030794E+00  1.0776E+02
9.369486E+00  9.7317E+01
9.512897E+00  9.3298E+01
9.551140E+00  9.2265E+01
9.608504E+00  2.5452E+02
9.653919E+00  2.5063E+02
9.751914E+00  2.4251E+02
1.032004E+01  2.0345E+02
1.052461E+01  1.9226E+02
1.068570E+01  1.8415E+02
1.072866E+01  1.8208E+02
1.079310E+01  2.5222E+02
1.095419E+01  2.4140E+02
1.103212E+01  2.3641E+02
1.104529E+01  2.3558E+02
1.121435E+01  2.2532E+02
1.125943E+01  2.2269E+02
1.132705E+01  2.5398E+02
1.149611E+01  2.4440E+02
1.179334E+01  2.2896E+02
1.260708E+01  1.9328E+02
1.347697E+01  1.6290E+02
1.440688E+01  1.3708E+02
1.540095E+01  1.1501E+02
1.646362E+01  9.6414E+01
1.759961E+01  8.0819E+01
1.881398E+01  6.7775E+01
2.011215E+01  5.6791E+01
2.149988E+01  4.7607E+01
2.298338E+01  3.9878E+01
2.456923E+01  3.3390E+01
2.626450E+01  2.7981E+01
2.807676E+01  2.3278E+01
3.001405E+01  1.9329E+01
3.208502E+01  1.6064E+01
3.429889E+01  1.3362E+01
3.666551E+01  1.1122E+01
3.919543E+01  9.2652E+00
4.189992E+01  7.7215E+00
4.479101E+01  6.4274E+00
4.788159E+01  5.3490E+00
5.118542E+01  4.4377E+00
5.471721E+01  3.6785E+00
5.849270E+01  3.0496E+00
6.252870E+01  2.5298E+00
6.404378E+01  2.3661E+00
6.502405E+01  2.2679E+00
6.528545E+01  2.2427E+00
6.567755E+01  1.1637E+01
6.665782E+01  1.1210E+01
6.684318E+01  1.1132E+01
7.145536E+01  9.3777E+00
7.638578E+01  7.8727E+00
8.165640E+01  6.6035E+00
8.729069E+01  5.5254E+00
9.331374E+01  4.6153E+00
9.975239E+01  3.8556E+00
1.066353E+02  3.2214E+00
1.139931E+02  2.6919E+00
1.218587E+02  2.2497E+00
1.302669E+02  1.8804E+00
1.392553E+02  1.5660E+00
1.488640E+02  1.3041E+00
1.591356E+02  1.0860E+00
1.701159E+02  9.0456E-01
1.818539E+02  7.5347E-01
1.944018E+02  6.2768E-01
2.078156E+02  5.2293E-01
2.221548E+02  4.3570E-01
2.374835E+02  3.6305E-01
2.538699E+02  3.0254E-01
2.713869E+02  2.5214E-01
2.901126E+02  2.1068E-01
3.101304E+02  1.7684E-01
3.315294E+02  1.4845E-01
3.544049E+02  1.2463E-01
3.788588E+02  1.0464E-01
4.050001E+02  8.7857E-02
4.329451E+02  7.3773E-02