Hg (Z = 80) Atomic weight: Ar = 200.5900 g mol-1   Nominal density:   ? (g cm-3) = 1.3522E+01
sigma(barns/atom) = [mue/rho](cm2 g-1)  ×  3.33088E+02
E(eV) [mue/rho](cm2 g-1) = f2(e atom-1)  ×  2.09783E+05
22 edges. Edge energies (keV):
K      8.31023E+01  
L I    1.48393E+01  
L II   1.42087E+01  
L III  1.22839E+01 
M I    3.56160E+00  
M II   3.27850E+00  
M III  2.84710E+00  
M IV   2.38490E+00 
M V    2.29490E+00  
N I    8.00300E-01  
N II   6.76900E-01  
N III  5.71000E-01 
N IV   3.78300E-01  
N V    3.59800E-01  
N VI   1.02200E-01  
N VII  9.85000E-02 
O I    1.20300E-01  
O II   8.05000E-02  
O III  5.76000E-02  
O IV   6.40000E-03 
O V    6.40000E-03  
P I    7.71361E-03 
Data
E/keV            [mue/rho]Photoelectric/cm2g-1
6.432000E-03  7.7863E+04
6.528000E-03  7.5086E+04
7.559334E-03  5.5092E+04
7.675038E-03  5.4292E+04
7.705893E-03  5.4117E+04
7.752174E-03  7.5150E+04
7.867878E-03  7.4100E+04
1.069000E-02  8.1377E+04
1.142761E-02  8.8928E+04
1.221612E-02  9.8272E+04
1.305903E-02  1.0889E+05
1.396010E-02  1.2006E+05
1.492335E-02  1.3096E+05
1.595306E-02  1.4069E+05
1.705382E-02  1.4839E+05
1.823053E-02  1.5335E+05
1.948844E-02  1.5510E+05
2.083314E-02  1.5345E+05
2.227063E-02  1.4852E+05
2.380730E-02  1.4070E+05
2.545001E-02  1.3057E+05
2.720606E-02  1.1875E+05
2.908327E-02  1.0589E+05
3.109002E-02  9.2780E+04
3.323523E-02  8.0058E+04
3.552846E-02  6.8179E+04
3.797993E-02  5.7425E+04
4.060054E-02  4.7935E+04
4.340198E-02  3.9731E+04
4.639671E-02  3.2760E+04
4.959809E-02  2.6915E+04
5.302035E-02  2.2068E+04
5.644800E-02  1.8303E+04
5.667876E-02  1.8082E+04
5.731200E-02  1.7492E+04
5.754240E-02  1.7284E+04
5.788800E-02  2.8308E+04
5.875200E-02  2.7044E+04
6.058959E-02  2.4597E+04
6.477028E-02  2.0044E+04
6.923942E-02  1.6337E+04
7.401695E-02  1.3341E+04
7.889000E-02  1.1030E+04
7.912411E-02  1.0935E+04
8.009750E-02  1.0549E+04
8.041950E-02  1.0426E+04
8.090250E-02  1.4201E+04
8.211000E-02  1.3676E+04
8.458368E-02  1.2692E+04
9.041995E-02  1.0767E+04
9.653000E-02  9.0945E+03
9.665893E-02  9.0623E+03
9.800750E-02  8.7329E+03
9.840150E-02  8.6393E+03
9.899250E-02  9.4993E+03
1.001560E-01  9.2222E+03
1.004700E-01  9.1492E+03
1.016890E-01  8.8724E+03
1.020978E-01  8.7820E+03
1.027110E-01  9.3074E+03
1.033284E-01  9.1736E+03
1.042440E-01  8.9801E+03
1.104581E-01  7.8148E+03
1.178940E-01  6.7846E+03
1.180797E-01  6.7638E+03
1.196985E-01  6.5912E+03
1.201797E-01  6.5430E+03
1.209015E-01  6.6608E+03
1.227060E-01  6.5111E+03
1.262272E-01  6.2651E+03
1.349368E-01  5.8812E+03
1.442475E-01  5.7590E+03
1.542005E-01  5.8891E+03
1.648404E-01  6.2675E+03
1.762144E-01  6.8881E+03
1.883732E-01  7.7355E+03
2.013709E-01  8.7785E+03
2.152655E-01  9.9659E+03
2.301188E-01  1.1226E+04
2.459970E-01  1.2473E+04
2.629708E-01  1.3614E+04
2.811158E-01  1.4562E+04
3.005128E-01  1.5245E+04
3.212482E-01  1.5617E+04
3.434143E-01  1.5662E+04
3.526040E-01  1.5591E+04
3.580010E-01  1.5528E+04
3.594402E-01  1.5509E+04
3.615990E-01  1.5830E+04
3.671099E-01  1.5763E+04
3.707340E-01  1.5713E+04
3.764085E-01  1.5623E+04
3.779217E-01  1.5598E+04
3.801915E-01  1.5801E+04
3.858660E-01  1.5707E+04
3.924405E-01  1.5587E+04
4.195189E-01  1.4983E+04
4.484657E-01  1.4181E+04
4.794098E-01  1.3241E+04
5.0000000E-01  1.2604E+04
5.0250000E-01  1.2527E+04
5.0501250E-01  1.2450E+04
5.0753756E-01  1.2373E+04
5.1007525E-01  1.2296E+04
5.1262563E-01  1.2218E+04
5.1518875E-01  1.2140E+04
5.1776470E-01  1.2062E+04
5.2035352E-01  1.1984E+04
5.2295529E-01  1.1906E+04
5.2557007E-01  1.1828E+04
5.2819792E-01  1.1749E+04
5.3083891E-01  1.1671E+04
5.3349310E-01  1.1593E+04
5.3616057E-01  1.1514E+04
5.3884137E-01  1.1436E+04
5.4153558E-01  1.1358E+04
5.4424325E-01  1.1279E+04
5.4696447E-01  1.1201E+04
5.4969929E-01  1.1123E+04
5.5244779E-01  1.1045E+04
5.5521003E-01  1.0967E+04
5.5798608E-01  1.0889E+04
5.6077601E-01  1.0811E+04
5.6357989E-01  1.0733E+04
5.6639779E-01  1.0656E+04
5.6922978E-01  1.0578E+04
5.7028052E-01  1.0550E+04
5.7171944E-01  1.1159E+04
5.7207593E-01  1.1149E+04
5.7493630E-01  1.1069E+04
5.7781099E-01  1.0990E+04
5.8070004E-01  1.0911E+04
5.8360354E-01  1.0832E+04
5.8652156E-01  1.0753E+04
5.8945417E-01  1.0675E+04
5.9240144E-01  1.0596E+04
5.9536345E-01  1.0518E+04
5.9834026E-01  1.0441E+04
6.0133196E-01  1.0363E+04
6.0433862E-01  1.0286E+04
6.0736032E-01  1.0209E+04
6.1039712E-01  1.0132E+04
6.1344910E-01  1.0056E+04
6.1651635E-01  9.9800E+03
6.1959893E-01  9.9042E+03
6.2269693E-01  9.8288E+03
6.2581041E-01  9.7537E+03
6.2893946E-01  9.6789E+03
6.3208416E-01  9.6045E+03
6.3524458E-01  9.5303E+03
6.3842080E-01  9.4565E+03
6.4161291E-01  9.3831E+03
6.4482097E-01  9.3100E+03
6.4804508E-01  9.2372E+03
6.5128530E-01  9.1648E+03
6.5454173E-01  9.0927E+03
6.5781444E-01  9.0211E+03
6.6110351E-01  8.9497E+03
6.6440903E-01  8.8788E+03
6.6773107E-01  8.8082E+03
6.7106973E-01  8.7379E+03
6.7442508E-01  8.6681E+03
6.7594560E-01  8.6367E+03
6.7779720E-01  8.7186E+03
6.7785446E-01  8.7174E+03
6.8118619E-01  8.6495E+03
6.8459212E-01  8.5807E+03
6.8801508E-01  8.5124E+03
6.9145515E-01  8.4444E+03
6.9491243E-01  8.3769E+03
6.9838699E-01  8.3097E+03
7.0187893E-01  8.2429E+03
7.0538832E-01  8.1765E+03
7.0891526E-01  8.1105E+03
7.1245984E-01  8.0449E+03
7.1602214E-01  7.9797E+03
7.1960225E-01  7.9149E+03
7.2320026E-01  7.8505E+03
7.2681626E-01  7.7865E+03
7.3045034E-01  7.7230E+03
7.3410260E-01  7.6598E+03
7.3777311E-01  7.5970E+03
7.4146197E-01  7.5346E+03
7.4516928E-01  7.4726E+03
7.4889513E-01  7.4111E+03
7.5263961E-01  7.3499E+03
7.5640280E-01  7.2892E+03
7.6018482E-01  7.2288E+03
7.6398574E-01  7.1688E+03
7.6780567E-01  7.1093E+03
7.7164470E-01  7.0501E+03
7.7550292E-01  6.9914E+03
7.7938044E-01  6.9330E+03
7.8327734E-01  6.8751E+03
7.8719373E-01  6.8175E+03
7.9112969E-01  6.7604E+03
7.9508534E-01  6.7036E+03
7.9906077E-01  6.6473E+03
7.9906754E-01  6.6472E+03
8.0153246E-01  6.7548E+03
8.0305607E-01  6.7334E+03
8.0707135E-01  6.6773E+03
8.1110671E-01  6.6216E+03
8.1516224E-01  6.5663E+03
8.1923806E-01  6.5114E+03
8.2333425E-01  6.4569E+03
8.2745092E-01  6.4028E+03
8.3158817E-01  6.3491E+03
8.3574611E-01  6.2958E+03
8.3992484E-01  6.2429E+03
8.4412447E-01  6.1903E+03
8.4834509E-01  6.1382E+03
8.5258682E-01  6.0864E+03
8.5684975E-01  6.0350E+03
8.6113400E-01  5.9840E+03
8.6543967E-01  5.9334E+03
8.6976687E-01  5.8831E+03
8.7411570E-01  5.8333E+03
8.7848628E-01  5.7838E+03
8.8287871E-01  5.7347E+03
8.8729310E-01  5.6859E+03
8.9172957E-01  5.6375E+03
8.9618822E-01  5.5895E+03
9.0066916E-01  5.5419E+03
9.0517250E-01  5.4946E+03
9.0969837E-01  5.4477E+03
9.1424686E-01  5.4011E+03
9.1881809E-01  5.3549E+03
9.2341218E-01  5.3090E+03
9.2802924E-01  5.2636E+03
9.3266939E-01  5.2184E+03
9.3733274E-01  5.1736E+03
9.4201940E-01  5.1292E+03
9.4672950E-01  5.0851E+03
9.5146315E-01  5.0413E+03
9.5622046E-01  4.9979E+03
9.6100156E-01  4.9549E+03
9.6580657E-01  4.9121E+03
9.7063560E-01  4.8696E+03
9.7548878E-01  4.8274E+03
9.8036623E-01  4.7855E+03
9.8526806E-01  4.7440E+03
9.9019440E-01  4.7028E+03
9.9514537E-01  4.6620E+03
1.0001211E+00  4.6213E+03
1.0051217E+00  4.5745E+03
1.0101473E+00  4.5282E+03
1.0151980E+00  4.4824E+03
1.0202740E+00  4.4371E+03
1.0253754E+00  4.3923E+03
1.0305023E+00  4.3479E+03
1.0356548E+00  4.3039E+03
1.0408331E+00  4.2604E+03
1.0460372E+00  4.2174E+03
1.0512674E+00  4.1748E+03
1.0565238E+00  4.1326E+03
1.0618064E+00  4.0909E+03
1.0671154E+00  4.0496E+03
1.0724510E+00  4.0087E+03
1.0778132E+00  3.9682E+03
1.0832023E+00  3.9282E+03
1.0886183E+00  3.8885E+03
1.0940614E+00  3.8492E+03
1.0995317E+00  3.8103E+03
1.1050294E+00  3.7718E+03
1.1105545E+00  3.7337E+03
1.1161073E+00  3.6960E+03
1.1216878E+00  3.6587E+03
1.1272963E+00  3.6218E+03
1.1329328E+00  3.5853E+03
1.1385974E+00  3.5492E+03
1.1442904E+00  3.5134E+03
1.1500119E+00  3.4778E+03
1.1557619E+00  3.4426E+03
1.1615407E+00  3.4077E+03
1.1673484E+00  3.3732E+03
1.1731852E+00  3.3391E+03
1.1790511E+00  3.3053E+03
1.1849464E+00  3.2718E+03
1.1908711E+00  3.2387E+03
1.1968254E+00  3.2060E+03
1.2028096E+00  3.1736E+03
1.2088236E+00  3.1415E+03
1.2148677E+00  3.1098E+03
1.2209421E+00  3.0784E+03
1.2270468E+00  3.0473E+03
1.2331820E+00  3.0166E+03
1.2393479E+00  2.9861E+03
1.2455447E+00  2.9560E+03
1.2517724E+00  2.9262E+03
1.2580312E+00  2.8967E+03
1.2643214E+00  2.8675E+03
1.2706430E+00  2.8387E+03
1.2769962E+00  2.8101E+03
1.2833812E+00  2.7818E+03
1.2897981E+00  2.7538E+03
1.2962471E+00  2.7262E+03
1.3027283E+00  2.6988E+03
1.3092420E+00  2.6717E+03
1.3157882E+00  2.6449E+03
1.3223671E+00  2.6183E+03
1.3289790E+00  2.5921E+03
1.3356239E+00  2.5661E+03
1.3423020E+00  2.5404E+03
1.3490135E+00  2.5149E+03
1.3557586E+00  2.4897E+03
1.3625374E+00  2.4647E+03
1.3693500E+00  2.4400E+03
1.3761968E+00  2.4155E+03
1.3830778E+00  2.3913E+03
1.3899932E+00  2.3674E+03
1.3969431E+00  2.3437E+03
1.4039278E+00  2.3202E+03
1.4109475E+00  2.2970E+03
1.4180022E+00  2.2741E+03
1.4250922E+00  2.2514E+03
1.4322177E+00  2.2289E+03
1.4393788E+00  2.2066E+03
1.4465757E+00  2.1834E+03
1.4538086E+00  2.1605E+03
1.4610776E+00  2.1378E+03
1.4683830E+00  2.1154E+03
1.4757249E+00  2.0932E+03
1.4831035E+00  2.0713E+03
1.4905190E+00  2.0497E+03
1.4979716E+00  2.0282E+03
1.5054615E+00  2.0070E+03
1.5129888E+00  1.9861E+03
1.5205537E+00  1.9646E+03
1.5281565E+00  1.9434E+03
1.5357973E+00  1.9225E+03
1.5434763E+00  1.9017E+03
1.5511937E+00  1.8812E+03
1.5589496E+00  1.8610E+03
1.5667444E+00  1.8410E+03
1.5745781E+00  1.8212E+03
1.5824510E+00  1.8016E+03
1.5903633E+00  1.7823E+03
1.5983151E+00  1.7632E+03
1.6063066E+00  1.7443E+03
1.6143382E+00  1.7256E+03
1.6224099E+00  1.7072E+03
1.6305219E+00  1.6889E+03
1.6386745E+00  1.6709E+03
1.6468679E+00  1.6530E+03
1.6551022E+00  1.6354E+03
1.6633777E+00  1.6180E+03
1.6716946E+00  1.6008E+03
1.6800531E+00  1.5837E+03
1.6884534E+00  1.5669E+03
1.6968956E+00  1.5502E+03
1.7053801E+00  1.5338E+03
1.7139070E+00  1.5175E+03
1.7224766E+00  1.5014E+03
1.7310889E+00  1.4855E+03
1.7397444E+00  1.4698E+03
1.7484431E+00  1.4543E+03
1.7571853E+00  1.4389E+03
1.7659712E+00  1.4237E+03
1.7748011E+00  1.4087E+03
1.7836751E+00  1.3938E+03
1.7925935E+00  1.3792E+03
1.8015565E+00  1.3646E+03
1.8105642E+00  1.3503E+03
1.8196171E+00  1.3361E+03
1.8287151E+00  1.3221E+03
1.8378587E+00  1.3082E+03
1.8470480E+00  1.2945E+03
1.8562833E+00  1.2806E+03
1.8655647E+00  1.2667E+03
1.8748925E+00  1.2530E+03
1.8842670E+00  1.2395E+03
1.8936883E+00  1.2261E+03
1.9031567E+00  1.2129E+03
1.9126725E+00  1.1998E+03
1.9222359E+00  1.1868E+03
1.9318471E+00  1.1737E+03
1.9415063E+00  1.1608E+03
1.9512138E+00  1.1480E+03
1.9609699E+00  1.1354E+03
1.9707747E+00  1.1230E+03
1.9806286E+00  1.1107E+03
1.9905318E+00  1.0985E+03
2.0004844E+00  1.0865E+03
2.0104868E+00  1.0747E+03
2.0205393E+00  1.0629E+03
2.0306420E+00  1.0514E+03
2.0407952E+00  1.0400E+03
2.0509992E+00  1.0287E+03
2.0612542E+00  1.0175E+03
2.0715604E+00  1.0065E+03
2.0819182E+00  9.9563E+02
2.0923278E+00  9.8488E+02
2.1027895E+00  9.7426E+02
2.1133034E+00  9.6377E+02
2.1238699E+00  9.5341E+02
2.1344893E+00  9.4317E+02
2.1451617E+00  9.3306E+02
2.1558875E+00  9.2306E+02
2.1666670E+00  9.1319E+02
2.1775003E+00  9.0343E+02
2.1883878E+00  8.9379E+02
2.1993297E+00  8.8427E+02
2.2103264E+00  8.7486E+02
2.2213780E+00  8.6556E+02
2.2324849E+00  8.5638E+02
2.2436473E+00  8.4730E+02
2.2548656E+00  8.3833E+02
2.2661399E+00  8.2946E+02
2.2774706E+00  8.2070E+02
2.2888579E+00  8.1196E+02
2.2942849E+00  8.0781E+02
2.2955150E+00  2.3787E+03
2.3003022E+00  2.3665E+03
2.3118037E+00  2.3373E+03
2.3233628E+00  2.3086E+03
2.3349796E+00  2.2802E+03
2.3466545E+00  2.2522E+03
2.3583878E+00  2.2246E+03
2.3701797E+00  2.1973E+03
2.3820306E+00  2.1703E+03
2.3842276E+00  2.1654E+03
2.3855726E+00  3.1631E+03
2.3939407E+00  3.1355E+03
2.4059104E+00  3.0965E+03
2.4179400E+00  3.0581E+03
2.4300297E+00  3.0201E+03
2.4421798E+00  2.9827E+03
2.4543907E+00  2.9457E+03
2.4666627E+00  2.9091E+03
2.4789960E+00  2.8731E+03
2.4913910E+00  2.8375E+03
2.5038479E+00  2.8023E+03
2.5163672E+00  2.7676E+03
2.5289490E+00  2.7333E+03
2.5415938E+00  2.6995E+03
2.5543017E+00  2.6661E+03
2.5670732E+00  2.6331E+03
2.5799086E+00  2.6005E+03
2.5928082E+00  2.5684E+03
2.6057722E+00  2.5367E+03
2.6188011E+00  2.5053E+03
2.6318951E+00  2.4744E+03
2.6450545E+00  2.4438E+03
2.6582798E+00  2.4137E+03
2.6715712E+00  2.3839E+03
2.6849291E+00  2.3545E+03
2.6983537E+00  2.3254E+03
2.7118455E+00  2.2968E+03
2.7254047E+00  2.2684E+03
2.7390317E+00  2.2404E+03
2.7527269E+00  2.2127E+03
2.7664905E+00  2.1854E+03
2.7803230E+00  2.1585E+03
2.7942246E+00  2.1318E+03
2.8081957E+00  2.1056E+03
2.8222367E+00  2.0796E+03
2.8363479E+00  2.0540E+03
2.8443469E+00  2.0397E+03
2.8498532E+00  2.3627E+03
2.8505296E+00  2.3613E+03
2.8647823E+00  2.3335E+03
2.8791062E+00  2.3060E+03
2.8935017E+00  2.2788E+03
2.9079692E+00  2.2520E+03
2.9225091E+00  2.2254E+03
2.9371216E+00  2.1992E+03
2.9518072E+00  2.1733E+03
2.9665662E+00  2.1477E+03
2.9813991E+00  2.1224E+03
2.9963061E+00  2.0973E+03
3.0112876E+00  2.0711E+03
3.0263440E+00  2.0448E+03
3.0414758E+00  2.0189E+03
3.0566831E+00  1.9934E+03
3.0719666E+00  1.9681E+03
3.0873264E+00  1.9432E+03
3.1027630E+00  1.9186E+03
3.1182768E+00  1.8941E+03
3.1338682E+00  1.8699E+03
3.1495376E+00  1.8460E+03
3.1652853E+00  1.8225E+03
3.1811117E+00  1.7993E+03
3.1970172E+00  1.7763E+03
3.2130023E+00  1.7536E+03
3.2290673E+00  1.7313E+03
3.2452127E+00  1.7092E+03
3.2614387E+00  1.6874E+03
3.2736807E+00  1.6712E+03
3.2777459E+00  1.6658E+03
3.2833195E+00  1.7724E+03
3.2941347E+00  1.7573E+03
3.3106053E+00  1.7346E+03
3.3271584E+00  1.7121E+03
3.3437941E+00  1.6900E+03
3.3605131E+00  1.6682E+03
3.3773157E+00  1.6466E+03
3.3942023E+00  1.6254E+03
3.4111733E+00  1.6044E+03
3.4282291E+00  1.5837E+03
3.4453703E+00  1.5634E+03
3.4625971E+00  1.5437E+03
3.4799101E+00  1.5243E+03
3.4973097E+00  1.5052E+03
3.5147962E+00  1.4864E+03
3.5323702E+00  1.4678E+03
3.5500321E+00  1.4495E+03
3.5540850E+00  1.4453E+03
3.5677822E+00  1.4951E+03
3.5691149E+00  1.4938E+03
3.5856211E+00  1.4769E+03
3.6035492E+00  1.4589E+03
3.6215670E+00  1.4412E+03
3.6396748E+00  1.4237E+03
3.6578732E+00  1.4064E+03
3.6761626E+00  1.3894E+03
3.6945434E+00  1.3726E+03
3.7130161E+00  1.3559E+03
3.7315812E+00  1.3393E+03
3.7502391E+00  1.3230E+03
3.7689903E+00  1.3069E+03
3.7878352E+00  1.2910E+03
3.8067744E+00  1.2754E+03
3.8258083E+00  1.2599E+03
3.8449373E+00  1.2446E+03
3.8641620E+00  1.2296E+03
3.8834828E+00  1.2148E+03
3.9029002E+00  1.2001E+03
3.9224147E+00  1.1857E+03
3.9420268E+00  1.1714E+03
3.9617369E+00  1.1573E+03
3.9815456E+00  1.1434E+03
4.0014533E+00  1.1297E+03
4.0214606E+00  1.1162E+03
4.0415679E+00  1.1028E+03
4.0617757E+00  1.0896E+03
4.0820846E+00  1.0766E+03
4.1024950E+00  1.0638E+03
4.1230075E+00  1.0511E+03
4.1436226E+00  1.0386E+03
4.1643407E+00  1.0262E+03
4.1851624E+00  1.0140E+03
4.2060882E+00  1.0020E+03
4.2271186E+00  9.9010E+02
4.2482542E+00  9.7836E+02
4.2694955E+00  9.6671E+02
4.2908430E+00  9.5510E+02
4.3122972E+00  9.4364E+02
4.3338587E+00  9.3231E+02
4.3555280E+00  9.2113E+02
4.3773056E+00  9.1009E+02
4.3991921E+00  8.9918E+02
4.4211881E+00  8.8841E+02
4.4432940E+00  8.7777E+02
4.4655105E+00  8.6726E+02
4.4878381E+00  8.5688E+02
4.5102772E+00  8.4664E+02
4.5328286E+00  8.3651E+02
4.5554928E+00  8.2652E+02
4.5782702E+00  8.1664E+02
4.6011616E+00  8.0671E+02
4.6241674E+00  7.9673E+02
4.6472882E+00  7.8686E+02
4.6705247E+00  7.7710E+02
4.6938773E+00  7.6747E+02
4.7173467E+00  7.5797E+02
4.7409334E+00  7.4858E+02
4.7646381E+00  7.3932E+02
4.7884613E+00  7.3002E+02
4.8124036E+00  7.2079E+02
4.8364656E+00  7.1168E+02
4.8606479E+00  7.0270E+02
4.8849512E+00  6.9383E+02
4.9093759E+00  6.8508E+02
4.9339228E+00  6.7645E+02
4.9585924E+00  6.6793E+02
4.9833854E+00  6.5953E+02
5.0083023E+00  6.5123E+02
5.0333438E+00  6.4305E+02
5.0585105E+00  6.3497E+02
5.0838031E+00  6.2701E+02
5.1092221E+00  6.1914E+02
5.1347682E+00  6.1138E+02
5.1604421E+00  6.0373E+02
5.1862443E+00  5.9617E+02
5.2121755E+00  5.8871E+02
5.2382364E+00  5.8136E+02
5.2644276E+00  5.7410E+02
5.2907497E+00  5.6693E+02
5.3172034E+00  5.5986E+02
5.3437895E+00  5.5288E+02
5.3705084E+00  5.4600E+02
5.3973609E+00  5.3921E+02
5.4243477E+00  5.3250E+02
5.4514695E+00  5.2589E+02
5.4787268E+00  5.1936E+02
5.5061205E+00  5.1291E+02
5.5336511E+00  5.0656E+02
5.5613193E+00  5.0028E+02
5.5891259E+00  4.9409E+02
5.6170716E+00  4.8798E+02
5.6451569E+00  4.8195E+02
5.6733827E+00  4.7600E+02
5.7017496E+00  4.7009E+02
5.7302584E+00  4.6416E+02
5.7589096E+00  4.5832E+02
5.7877042E+00  4.5255E+02
5.8166427E+00  4.4685E+02
5.8457259E+00  4.4123E+02
5.8749546E+00  4.3569E+02
5.9043293E+00  4.3022E+02
5.9338510E+00  4.2482E+02
5.9635202E+00  4.1950E+02
5.9933378E+00  4.1424E+02
6.0233045E+00  4.0906E+02
6.0534210E+00  4.0394E+02
6.0836882E+00  3.9889E+02
6.1141066E+00  3.9391E+02
6.1446771E+00  3.8899E+02
6.1754005E+00  3.8414E+02
6.2062775E+00  3.7936E+02
6.2373089E+00  3.7464E+02
6.2684954E+00  3.6998E+02
6.2998379E+00  3.6538E+02
6.3313371E+00  3.6084E+02
6.3629938E+00  3.5636E+02
6.3948088E+00  3.5194E+02
6.4267828E+00  3.4758E+02
6.4589167E+00  3.4328E+02
6.4912113E+00  3.3904E+02
6.5236674E+00  3.3485E+02
6.5562857E+00  3.3071E+02
6.5890671E+00  3.2659E+02
6.6220125E+00  3.2253E+02
6.6551225E+00  3.1852E+02
6.6883981E+00  3.1456E+02
6.7218401E+00  3.1065E+02
6.7554493E+00  3.0679E+02
6.7892266E+00  3.0296E+02
6.8231727E+00  2.9919E+02
6.8572886E+00  2.9546E+02
6.8915750E+00  2.9178E+02
6.9260329E+00  2.8814E+02
6.9606631E+00  2.8456E+02
6.9954664E+00  2.8102E+02
7.0304437E+00  2.7753E+02
7.0655959E+00  2.7409E+02
7.1009239E+00  2.7069E+02
7.1364285E+00  2.6732E+02
7.1721107E+00  2.6398E+02
7.2079712E+00  2.6068E+02
7.2440111E+00  2.5743E+02
7.2802311E+00  2.5422E+02
7.3166323E+00  2.5106E+02
7.3532155E+00  2.4793E+02
7.3899815E+00  2.4485E+02
7.4269314E+00  2.4180E+02
7.4640661E+00  2.3880E+02
7.5013864E+00  2.3584E+02
7.5388934E+00  2.3291E+02
7.5765878E+00  2.3002E+02
7.6144708E+00  2.2718E+02
7.6525431E+00  2.2436E+02
7.6908058E+00  2.2159E+02
7.7292599E+00  2.1885E+02
7.7679062E+00  2.1615E+02
7.8067457E+00  2.1348E+02
7.8457794E+00  2.1085E+02
7.8850083E+00  2.0825E+02
7.9244334E+00  2.0569E+02
7.9640555E+00  2.0315E+02
8.0038758E+00  2.0066E+02
8.0438952E+00  1.9819E+02
8.0841147E+00  1.9576E+02
8.1245352E+00  1.9336E+02
8.1651579E+00  1.9098E+02
8.2059837E+00  1.8864E+02
8.2470136E+00  1.8634E+02
8.2882487E+00  1.8406E+02
8.3296899E+00  1.8181E+02
8.3713384E+00  1.7958E+02
8.4131951E+00  1.7739E+02
8.4552610E+00  1.7523E+02
8.4975373E+00  1.7309E+02
8.5400250E+00  1.7098E+02
9.030794E+00  1.4863E+02
9.653919E+00  1.2447E+02
1.032004E+01  1.0423E+02
1.103212E+01  8.7126E+01
1.179334E+01  7.2945E+01
1.203822E+01  6.9090E+01
1.222248E+01  6.6380E+01
1.227162E+01  6.5683E+01
1.234532E+01  1.7041E+02
1.252958E+01  1.6357E+02
1.260708E+01  1.6081E+02
1.347697E+01  1.3378E+02
1.392453E+01  1.2230E+02
1.413766E+01  1.1730E+02
1.419449E+01  1.1602E+02
1.427974E+01  1.6024E+02
1.440688E+01  1.5644E+02
1.449287E+01  1.5393E+02
1.454251E+01  1.5251E+02
1.476510E+01  1.4636E+02
1.482446E+01  1.4477E+02
1.491350E+01  1.6507E+02
1.513609E+01  1.5896E+02
1.540095E+01  1.5210E+02
1.646362E+01  1.2811E+02
1.759961E+01  1.0777E+02
1.881398E+01  9.0639E+01
2.011215E+01  7.6151E+01
2.149988E+01  6.3986E+01
2.298338E+01  5.3791E+01
2.456923E+01  4.5246E+01
2.626450E+01  3.8026E+01
2.807676E+01  3.1759E+01
3.001405E+01  2.6439E+01
3.208502E+01  2.1974E+01
3.429889E+01  1.8277E+01
3.666551E+01  1.5215E+01
3.919543E+01  1.2675E+01
4.189992E+01  1.0567E+01
4.479101E+01  8.8175E+00
4.788159E+01  7.3631E+00
5.118542E+01  6.1530E+00
5.471721E+01  5.1401E+00
5.849270E+01  4.2916E+00
6.252870E+01  3.5844E+00
6.684318E+01  2.9855E+00
7.145536E+01  2.4844E+00
7.638578E+01  2.0683E+00
8.144026E+01  1.7309E+00
8.165640E+01  1.7178E+00
8.268679E+01  1.6572E+00
8.301920E+01  1.6383E+00
8.351781E+01  7.8704E+00
8.476435E+01  7.5771E+00
8.729069E+01  7.0257E+00
9.331374E+01  5.9118E+00
9.975239E+01  4.9665E+00
1.066353E+02  4.1685E+00
1.139931E+02  3.4978E+00
1.218587E+02  2.9314E+00
1.302669E+02  2.4540E+00
1.392553E+02  2.0541E+00
1.488640E+02  1.7194E+00
1.591356E+02  1.4393E+00
1.701159E+02  1.2049E+00
1.818539E+02  1.0080E+00
1.944018E+02  8.4311E-01
2.078156E+02  7.0527E-01
2.221548E+02  5.9002E-01
2.374835E+02  4.9366E-01
2.538699E+02  4.1307E-01
2.713869E+02  3.4567E-01
2.901126E+02  2.8929E-01
3.101304E+02  2.4213E-01
3.315294E+02  2.0268E-01
3.544049E+02  1.6966E-01
3.788588E+02  1.4204E-01
4.050001E+02  1.1892E-01
4.329451E+02  9.9576E-02