Ho (Z = 67) Atomic weight: Ar = 164.9304 g mol-1   Nominal density:   ? (g cm-3) = 8.7690
sigma(barns/atom) = [mue/rho](cm2 g-1)  ×  2.73874E+02
E(eV) [mue/rho](cm2 g-1) = f2(e atom-1)  ×  2.55140E+05
19 edges. Edge energies (keV):
K      5.56177E+01  
L I    9.39420E+00  
L II   8.91780E+00  
L III  8.07110E+00 
M I    2.12830E+00  
M II   1.92280E+00  
M III  1.74120E+00  
M IV   1.39150E+00 
M V    1.35140E+00  
N I    4.35700E-01  
N II   3.43500E-01  
N III  3.06600E-01 
N IV   1.61000E-01  
N V    1.61000E-01  
N VI   3.70000E-03  
N VII  3.70000E-03 
O I    5.12000E-02  
O II   2.03000E-02  
O III  2.03000E-02 
Data
E/keV            [mue/rho]Photoelectric/cm2g-1
1.069000E-02  7.0392E+03
1.142761E-02  7.2831E+03
1.221612E-02  7.5596E+03
1.305903E-02  7.8701E+03
1.396010E-02  8.2162E+03
1.492335E-02  8.5995E+03
1.595306E-02  9.0215E+03
1.705382E-02  9.4831E+03
1.823053E-02  9.9851E+03
1.948844E-02  1.0528E+04
1.989400E-02  1.0703E+04
2.019850E-02  1.0835E+04
2.027970E-02  1.0871E+04
2.040150E-02  3.2137E+05
2.070600E-02  3.0291E+05
2.083314E-02  2.9561E+05
2.227063E-02  2.2714E+05
2.380730E-02  1.7464E+05
2.545001E-02  1.3423E+05
2.720606E-02  1.0387E+05
2.908327E-02  8.1485E+04
3.109002E-02  6.5200E+04
3.323523E-02  5.3485E+04
3.552846E-02  4.5140E+04
3.797993E-02  3.9258E+04
4.060054E-02  3.5165E+04
4.340198E-02  3.2368E+04
4.639671E-02  3.0509E+04
4.959809E-02  2.9328E+04
5.017600E-02  2.9177E+04
5.094400E-02  2.9000E+04
5.114880E-02  2.8957E+04
5.145600E-02  2.9040E+04
5.222400E-02  2.8905E+04
5.302035E-02  2.8787E+04
5.667876E-02  2.8462E+04
6.058959E-02  2.8387E+04
6.477028E-02  2.8485E+04
6.923942E-02  2.8698E+04
7.401695E-02  2.7892E+04
7.912411E-02  2.7010E+04
8.458368E-02  2.6095E+04
9.041995E-02  2.5140E+04
9.665893E-02  2.4141E+04
1.0000000E-01  2.3615E+04
1.0050000E-01  2.3536E+04
1.0100250E-01  2.3458E+04
1.0150751E-01  2.3379E+04
1.0201505E-01  2.3301E+04
1.0252513E-01  2.3221E+04
1.0303775E-01  2.3142E+04
1.0355294E-01  2.3062E+04
1.0407070E-01  2.2983E+04
1.0459106E-01  2.2903E+04
1.0511401E-01  2.2822E+04
1.0563958E-01  2.2742E+04
1.0616778E-01  2.2661E+04
1.0669862E-01  2.2580E+04
1.0723211E-01  2.2499E+04
1.0776827E-01  2.2418E+04
1.0830712E-01  2.2336E+04
1.0884865E-01  2.2254E+04
1.0939289E-01  2.2172E+04
1.0993986E-01  2.2090E+04
1.1048956E-01  2.2008E+04
1.1104201E-01  2.1925E+04
1.1159722E-01  2.1842E+04
1.1215520E-01  2.1759E+04
1.1271598E-01  2.1676E+04
1.1327956E-01  2.1593E+04
1.1384596E-01  2.1510E+04
1.1441519E-01  2.1426E+04
1.1498726E-01  2.1342E+04
1.1556220E-01  2.1258E+04
1.1614001E-01  2.1174E+04
1.1672071E-01  2.1090E+04
1.1730431E-01  2.1005E+04
1.1789083E-01  2.0920E+04
1.1848029E-01  2.0836E+04
1.1907269E-01  2.0751E+04
1.1966805E-01  2.0666E+04
1.2026639E-01  2.0580E+04
1.2086772E-01  2.0495E+04
1.2147206E-01  2.0410E+04
1.2207942E-01  2.0324E+04
1.2268982E-01  2.0238E+04
1.2330327E-01  2.0152E+04
1.2391979E-01  2.0066E+04
1.2453939E-01  1.9980E+04
1.2516208E-01  1.9894E+04
1.2578789E-01  1.9808E+04
1.2641683E-01  1.9722E+04
1.2704892E-01  1.9635E+04
1.2768416E-01  1.9549E+04
1.2832258E-01  1.9462E+04
1.2896419E-01  1.9375E+04
1.2960902E-01  1.9288E+04
1.3025706E-01  1.9201E+04
1.3090835E-01  1.9114E+04
1.3156289E-01  1.9027E+04
1.3222070E-01  1.8940E+04
1.3288181E-01  1.8853E+04
1.3354621E-01  1.8766E+04
1.3421395E-01  1.8679E+04
1.3488502E-01  1.8591E+04
1.3555944E-01  1.8504E+04
1.3623724E-01  1.8417E+04
1.3691842E-01  1.8329E+04
1.3760302E-01  1.8242E+04
1.3829103E-01  1.8154E+04
1.3898249E-01  1.8067E+04
1.3967740E-01  1.7979E+04
1.4037579E-01  1.7892E+04
1.4107766E-01  1.7804E+04
1.4178305E-01  1.7717E+04
1.4249197E-01  1.7629E+04
1.4320443E-01  1.7542E+04
1.4392045E-01  1.7454E+04
1.4464005E-01  1.7367E+04
1.4536325E-01  1.7279E+04
1.4609007E-01  1.7192E+04
1.4682052E-01  1.7105E+04
1.4755462E-01  1.7017E+04
1.4829239E-01  1.6930E+04
1.4903386E-01  1.6842E+04
1.4977903E-01  1.6755E+04
1.5052792E-01  1.6668E+04
1.5128056E-01  1.6581E+04
1.5203696E-01  1.6494E+04
1.5279715E-01  1.6407E+04
1.5356113E-01  1.6320E+04
1.5432894E-01  1.6233E+04
1.5510058E-01  1.6146E+04
1.5587609E-01  1.6059E+04
1.5665547E-01  1.5972E+04
1.5743875E-01  1.5886E+04
1.5822594E-01  1.5799E+04
1.5901707E-01  1.5713E+04
1.5981215E-01  1.5626E+04
1.6061121E-01  1.5540E+04
1.6093012E-01  1.5506E+04
1.6106987E-01  3.8113E+04
1.6141427E-01  3.7489E+04
1.6222134E-01  3.6090E+04
1.6303245E-01  3.4770E+04
1.6384761E-01  3.3524E+04
1.6466685E-01  3.2347E+04
1.6549018E-01  3.1235E+04
1.6631763E-01  3.0184E+04
1.6714922E-01  2.9191E+04
1.6798497E-01  2.8252E+04
1.6882489E-01  2.7364E+04
1.6966902E-01  2.6524E+04
1.7051736E-01  2.5729E+04
1.7136995E-01  2.4976E+04
1.7222680E-01  2.4264E+04
1.7308793E-01  2.3589E+04
1.7395337E-01  2.2949E+04
1.7482314E-01  2.2343E+04
1.7569726E-01  2.1768E+04
1.7657574E-01  2.1222E+04
1.7745862E-01  2.0704E+04
1.7834591E-01  2.0220E+04
1.7923764E-01  1.9768E+04
1.8013383E-01  1.9346E+04
1.8103450E-01  1.8952E+04
1.8193967E-01  1.8582E+04
1.8284937E-01  1.8234E+04
1.8376362E-01  1.7907E+04
1.8468244E-01  1.7598E+04
1.8560585E-01  1.7307E+04
1.8653388E-01  1.7030E+04
1.8746655E-01  1.6768E+04
1.8840388E-01  1.6520E+04
1.8934590E-01  1.6283E+04
1.9029263E-01  1.6057E+04
1.9124409E-01  1.5841E+04
1.9220031E-01  1.5635E+04
1.9316131E-01  1.5437E+04
1.9412712E-01  1.5247E+04
1.9509776E-01  1.5065E+04
1.9607325E-01  1.4890E+04
1.9705361E-01  1.4721E+04
1.9803888E-01  1.4558E+04
1.9902907E-01  1.4400E+04
2.0002422E-01  1.4248E+04
2.0102434E-01  1.4100E+04
2.0202946E-01  1.3957E+04
2.0303961E-01  1.3818E+04
2.0405481E-01  1.3683E+04
2.0507508E-01  1.3552E+04
2.0610046E-01  1.3424E+04
2.0713096E-01  1.3299E+04
2.0816661E-01  1.3178E+04
2.0920745E-01  1.3059E+04
2.1025348E-01  1.2943E+04
2.1130475E-01  1.2830E+04
2.1236128E-01  1.2719E+04
2.1342308E-01  1.2611E+04
2.1449020E-01  1.2505E+04
2.1556265E-01  1.2400E+04
2.1664046E-01  1.2298E+04
2.1772366E-01  1.2198E+04
2.1881228E-01  1.2100E+04
2.1990634E-01  1.2003E+04
2.2100588E-01  1.1908E+04
2.2211090E-01  1.1815E+04
2.2322146E-01  1.1723E+04
2.2433757E-01  1.1632E+04
2.2545925E-01  1.1543E+04
2.2658655E-01  1.1456E+04
2.2771948E-01  1.1369E+04
2.2885808E-01  1.1284E+04
2.3000237E-01  1.1201E+04
2.3115238E-01  1.1118E+04
2.3230814E-01  1.1036E+04
2.3346969E-01  1.0956E+04
2.3463703E-01  1.0877E+04
2.3581022E-01  1.0799E+04
2.3698927E-01  1.0721E+04
2.3817422E-01  1.0645E+04
2.3936509E-01  1.0570E+04
2.4056191E-01  1.0495E+04
2.4176472E-01  1.0422E+04
2.4297355E-01  1.0350E+04
2.4418841E-01  1.0278E+04
2.4540936E-01  1.0207E+04
2.4663640E-01  1.0137E+04
2.4786959E-01  1.0068E+04
2.4910893E-01  9.9998E+03
2.5035448E-01  9.9323E+03
2.5160625E-01  9.8656E+03
2.5286428E-01  9.7996E+03
2.5412860E-01  9.7344E+03
2.5539925E-01  9.6699E+03
2.5667624E-01  9.6062E+03
2.5795962E-01  9.5431E+03
2.5924942E-01  9.4808E+03
2.6054567E-01  9.4192E+03
2.6184840E-01  9.3583E+03
2.6315764E-01  9.2980E+03
2.6447343E-01  9.2384E+03
2.6579579E-01  9.1795E+03
2.6712477E-01  9.1212E+03
2.6846040E-01  9.0636E+03
2.6980270E-01  9.0065E+03
2.7115171E-01  8.9502E+03
2.7250747E-01  8.8944E+03
2.7387001E-01  8.8393E+03
2.7523936E-01  8.7848E+03
2.7661556E-01  8.7308E+03
2.7799863E-01  8.6775E+03
2.7938863E-01  8.6248E+03
2.8078557E-01  8.5726E+03
2.8218950E-01  8.5210E+03
2.8360044E-01  8.4700E+03
2.8501845E-01  8.4196E+03
2.8644354E-01  8.3697E+03
2.8787576E-01  8.3204E+03
2.8931514E-01  8.2716E+03
2.9076171E-01  8.2233E+03
2.9221552E-01  8.1756E+03
2.9367660E-01  8.1285E+03
2.9514498E-01  8.0818E+03
2.9662071E-01  8.0357E+03
2.9810381E-01  7.9901E+03
2.9959433E-01  7.9450E+03
3.0109230E-01  7.9004E+03
3.0259776E-01  7.8563E+03
3.0411075E-01  7.8127E+03
3.0563130E-01  7.7696E+03
3.0629770E-01  7.7509E+03
3.0690231E-01  8.7025E+03
3.0715946E-01  8.6951E+03
3.0869526E-01  8.6516E+03
3.1023873E-01  8.6086E+03
3.1178993E-01  8.5661E+03
3.1334888E-01  8.5240E+03
3.1491562E-01  8.4824E+03
3.1649020E-01  8.4413E+03
3.1807265E-01  8.4005E+03
3.1966301E-01  8.3603E+03
3.2126133E-01  8.3204E+03
3.2286764E-01  8.2810E+03
3.2448197E-01  8.2421E+03
3.2610438E-01  8.2035E+03
3.2773491E-01  8.1654E+03
3.2937358E-01  8.1276E+03
3.3102045E-01  8.0903E+03
3.3267555E-01  8.0534E+03
3.3433893E-01  8.0168E+03
3.3601062E-01  7.9807E+03
3.3769068E-01  7.9449E+03
3.3937913E-01  7.9095E+03
3.4107602E-01  7.8744E+03
3.4278140E-01  7.8396E+03
3.4311527E-01  7.8329E+03
3.4388471E-01  8.0640E+03
3.4449531E-01  8.0518E+03
3.4621779E-01  8.0177E+03
3.4794888E-01  7.9839E+03
3.4968862E-01  7.9505E+03
3.5143706E-01  7.9173E+03
3.5319425E-01  7.8845E+03
3.5496022E-01  7.8519E+03
3.5673502E-01  7.8197E+03
3.5851870E-01  7.7877E+03
3.6031129E-01  7.7560E+03
3.6211285E-01  7.7245E+03
3.6392341E-01  7.6933E+03
3.6574303E-01  7.6624E+03
3.6757174E-01  7.6317E+03
3.6940960E-01  7.6013E+03
3.7125665E-01  7.5710E+03
3.7311293E-01  7.5410E+03
3.7497850E-01  7.5113E+03
3.7685339E-01  7.4817E+03
3.7873766E-01  7.4524E+03
3.8063135E-01  7.4232E+03
3.8253450E-01  7.3943E+03
3.8444718E-01  7.3655E+03
3.8636941E-01  7.3369E+03
3.8830126E-01  7.3085E+03
3.9024276E-01  7.2803E+03
3.9219398E-01  7.2522E+03
3.9415495E-01  7.2243E+03
3.9612572E-01  7.1965E+03
3.9810635E-01  7.1689E+03
4.0009688E-01  7.1414E+03
4.0209737E-01  7.1140E+03
4.0410785E-01  7.0868E+03
4.0612839E-01  7.0597E+03
4.0815904E-01  7.0326E+03
4.1019983E-01  7.0057E+03
4.1225083E-01  6.9789E+03
4.1431208E-01  6.9522E+03
4.1638364E-01  6.9256E+03
4.1846556E-01  6.8990E+03
4.2055789E-01  6.8725E+03
4.2266068E-01  6.8461E+03
4.2477398E-01  6.8198E+03
4.2689785E-01  6.7935E+03
4.2903234E-01  6.7673E+03
4.3117750E-01  6.7412E+03
4.3333339E-01  6.7150E+03
4.3505516E-01  6.6943E+03
4.3550006E-01  6.6890E+03
4.3634484E-01  6.9836E+03
4.3767756E-01  6.9671E+03
4.3986595E-01  6.9403E+03
4.4206528E-01  6.9135E+03
4.4427560E-01  6.8867E+03
4.4649698E-01  6.8599E+03
4.4872947E-01  6.8331E+03
4.5097311E-01  6.8064E+03
4.5322798E-01  6.7797E+03
4.5549412E-01  6.7529E+03
4.5777159E-01  6.7262E+03
4.6006045E-01  6.6995E+03
4.6236075E-01  6.6727E+03
4.6467255E-01  6.6460E+03
4.6699592E-01  6.6192E+03
4.6933090E-01  6.5925E+03
4.7167755E-01  6.5657E+03
4.7403594E-01  6.5389E+03
4.7640612E-01  6.5121E+03
4.7878815E-01  6.4852E+03
4.8118209E-01  6.4583E+03
4.8358800E-01  6.4314E+03
4.8600594E-01  6.4044E+03
4.8843597E-01  6.3774E+03
4.9087815E-01  6.3503E+03
4.9333254E-01  6.3232E+03
4.9579920E-01  6.2960E+03
4.9827820E-01  6.2688E+03
5.0076959E-01  6.2415E+03
5.0327344E-01  6.2142E+03
5.0578980E-01  6.1868E+03
5.0831875E-01  6.1593E+03
5.1086035E-01  6.1318E+03
5.1341465E-01  6.1042E+03
5.1598172E-01  6.0766E+03
5.1856163E-01  6.0489E+03
5.2115444E-01  6.0212E+03
5.2376021E-01  5.9934E+03
5.2637901E-01  5.9655E+03
5.2901091E-01  5.9376E+03
5.3165596E-01  5.9096E+03
5.3431424E-01  5.8815E+03
5.3698581E-01  5.8534E+03
5.3967074E-01  5.8253E+03
5.4236910E-01  5.7971E+03
5.4508094E-01  5.7688E+03
5.4780635E-01  5.7405E+03
5.5054538E-01  5.7121E+03
5.5329810E-01  5.6837E+03
5.5606460E-01  5.6552E+03
5.5884492E-01  5.6267E+03
5.6163914E-01  5.5981E+03
5.6444734E-01  5.5695E+03
5.6726958E-01  5.5408E+03
5.7010592E-01  5.5121E+03
5.7295645E-01  5.4833E+03
5.7582123E-01  5.4545E+03
5.7870034E-01  5.4257E+03
5.8159384E-01  5.3968E+03
5.8450181E-01  5.3679E+03
5.8742432E-01  5.3390E+03
5.9036144E-01  5.3100E+03
5.9331325E-01  5.2810E+03
5.9627982E-01  5.2519E+03
5.9926122E-01  5.2229E+03
6.0225752E-01  5.1938E+03
6.0526881E-01  5.1647E+03
6.0829515E-01  5.1356E+03
6.1133663E-01  5.1064E+03
6.1439331E-01  5.0773E+03
6.1746528E-01  5.0481E+03
6.2055260E-01  5.0189E+03
6.2365537E-01  4.9897E+03
6.2677364E-01  4.9605E+03
6.2990751E-01  4.9313E+03
6.3305705E-01  4.9021E+03
6.3622234E-01  4.8729E+03
6.3940345E-01  4.8437E+03
6.4260046E-01  4.8145E+03
6.4581347E-01  4.7854E+03
6.4904253E-01  4.7562E+03
6.5228775E-01  4.7269E+03
6.5554919E-01  4.6977E+03
6.5882693E-01  4.6684E+03
6.6212107E-01  4.6391E+03
6.6543167E-01  4.6099E+03
6.6875883E-01  4.5806E+03
6.7210262E-01  4.5513E+03
6.7546314E-01  4.5221E+03
6.7884045E-01  4.4928E+03
6.8223466E-01  4.4636E+03
6.8564583E-01  4.4344E+03
6.8907406E-01  4.4052E+03
6.9251943E-01  4.3761E+03
6.9598202E-01  4.3469E+03
6.9946194E-01  4.3179E+03
7.0295924E-01  4.2888E+03
7.0647404E-01  4.2598E+03
7.1000641E-01  4.2309E+03
7.1355644E-01  4.2020E+03
7.1712423E-01  4.1732E+03
7.2070985E-01  4.1444E+03
7.2431340E-01  4.1157E+03
7.2793496E-01  4.0871E+03
7.3157464E-01  4.0585E+03
7.3523251E-01  4.0301E+03
7.3890867E-01  4.0016E+03
7.4260322E-01  3.9731E+03
7.4631623E-01  3.9447E+03
7.5004781E-01  3.9164E+03
7.5379805E-01  3.8882E+03
7.5756704E-01  3.8601E+03
7.6135488E-01  3.8321E+03
7.6516165E-01  3.8041E+03
7.6898746E-01  3.7763E+03
7.7283240E-01  3.7486E+03
7.7669656E-01  3.7210E+03
7.8058004E-01  3.6935E+03
7.8448294E-01  3.6661E+03
7.8840536E-01  3.6388E+03
7.9234738E-01  3.6116E+03
7.9630912E-01  3.5846E+03
8.0029067E-01  3.5576E+03
8.0429212E-01  3.5308E+03
8.0831358E-01  3.5041E+03
8.1235515E-01  3.4776E+03
8.1641693E-01  3.4511E+03
8.2049901E-01  3.4248E+03
8.2460150E-01  3.3986E+03
8.2872451E-01  3.3726E+03
8.3286813E-01  3.3467E+03
8.3703248E-01  3.3209E+03
8.4121764E-01  3.2952E+03
8.4542373E-01  3.2697E+03
8.4965084E-01  3.2444E+03
8.5389910E-01  3.2191E+03
8.5816859E-01  3.1940E+03
8.6245944E-01  3.1691E+03
8.6677173E-01  3.1443E+03
8.7110559E-01  3.1196E+03
8.7546112E-01  3.0951E+03
8.7983843E-01  3.0708E+03
8.8423762E-01  3.0465E+03
8.8865881E-01  3.0225E+03
8.9310210E-01  2.9985E+03
8.9756761E-01  2.9748E+03
9.0205545E-01  2.9511E+03
9.0656573E-01  2.9276E+03
9.1109856E-01  2.9043E+03
9.1565405E-01  2.8811E+03
9.2023232E-01  2.8581E+03
9.2483348E-01  2.8352E+03
9.2945765E-01  2.8125E+03
9.3410494E-01  2.7899E+03
9.3877546E-01  2.7675E+03
9.4346934E-01  2.7452E+03
9.4818668E-01  2.7231E+03
9.5292762E-01  2.7012E+03
9.5769226E-01  2.6794E+03
9.6248072E-01  2.6577E+03
9.6729312E-01  2.6362E+03
9.7212959E-01  2.6148E+03
9.7699023E-01  2.5936E+03
9.8187519E-01  2.5726E+03
9.8678456E-01  2.5517E+03
9.9171848E-01  2.5309E+03
9.9667708E-01  2.5103E+03
1.0016605E+00  2.4877E+03
1.0066688E+00  2.4608E+03
1.0117021E+00  2.4343E+03
1.0167606E+00  2.4081E+03
1.0218444E+00  2.3822E+03
1.0269536E+00  2.3566E+03
1.0320884E+00  2.3312E+03
1.0372489E+00  2.3062E+03
1.0424351E+00  2.2814E+03
1.0476473E+00  2.2570E+03
1.0528855E+00  2.2328E+03
1.0581499E+00  2.2088E+03
1.0634407E+00  2.1852E+03
1.0687579E+00  2.1618E+03
1.0741017E+00  2.1387E+03
1.0794722E+00  2.1158E+03
1.0848695E+00  2.0932E+03
1.0902939E+00  2.0709E+03
1.0957454E+00  2.0488E+03
1.1012241E+00  2.0270E+03
1.1067302E+00  2.0054E+03
1.1122639E+00  1.9840E+03
1.1178252E+00  1.9629E+03
1.1234143E+00  1.9421E+03
1.1290314E+00  1.9214E+03
1.1346765E+00  1.9010E+03
1.1403499E+00  1.8809E+03
1.1460517E+00  1.8609E+03
1.1517819E+00  1.8412E+03
1.1575408E+00  1.8217E+03
1.1633285E+00  1.8024E+03
1.1691452E+00  1.7834E+03
1.1749909E+00  1.7645E+03
1.1808659E+00  1.7459E+03
1.1867702E+00  1.7275E+03
1.1927040E+00  1.7093E+03
1.1986676E+00  1.6913E+03
1.2046609E+00  1.6735E+03
1.2106842E+00  1.6559E+03
1.2167376E+00  1.6385E+03
1.2228213E+00  1.6212E+03
1.2289354E+00  1.6041E+03
1.2350801E+00  1.5869E+03
1.2412555E+00  1.5699E+03
1.2474618E+00  1.5531E+03
1.2536991E+00  1.5364E+03
1.2599676E+00  1.5200E+03
1.2662674E+00  1.5038E+03
1.2725988E+00  1.4877E+03
1.2789618E+00  1.4718E+03
1.2853566E+00  1.4561E+03
1.2917833E+00  1.4406E+03
1.2982423E+00  1.4253E+03
1.3047335E+00  1.4101E+03
1.3112571E+00  1.3951E+03
1.3178134E+00  1.3803E+03
1.3244025E+00  1.3656E+03
1.3310245E+00  1.3511E+03
1.3376796E+00  1.3368E+03
1.3443680E+00  1.3226E+03
1.3510899E+00  1.3086E+03
1.3512135E+00  1.3084E+03
1.3515865E+00  5.0035E+03
1.3578453E+00  4.9451E+03
1.3646345E+00  4.8828E+03
1.3714577E+00  4.8214E+03
1.3783150E+00  4.7606E+03
1.3852066E+00  4.7006E+03
1.3911646E+00  4.6495E+03
1.3918353E+00  6.9971E+03
1.3921326E+00  6.9932E+03
1.3990933E+00  6.9041E+03
1.4060887E+00  6.8161E+03
1.4131192E+00  6.7293E+03
1.4201848E+00  6.6436E+03
1.4272857E+00  6.5590E+03
1.4344221E+00  6.4755E+03
1.4415942E+00  6.3930E+03
1.4488022E+00  6.3117E+03
1.4560462E+00  6.2313E+03
1.4633265E+00  6.1520E+03
1.4706431E+00  6.0738E+03
1.4779963E+00  5.9965E+03
1.4853863E+00  5.9203E+03
1.4928132E+00  5.8450E+03
1.5002773E+00  5.7707E+03
1.5077787E+00  5.6973E+03
1.5153176E+00  5.6249E+03
1.5228942E+00  5.5535E+03
1.5305086E+00  5.4829E+03
1.5381612E+00  5.4133E+03
1.5458520E+00  5.3445E+03
1.5535812E+00  5.2767E+03
1.5613491E+00  5.2097E+03
1.5691559E+00  5.1436E+03
1.5770017E+00  5.0783E+03
1.5848867E+00  5.0139E+03
1.5928111E+00  4.9503E+03
1.6007752E+00  4.8875E+03
1.6087790E+00  4.8255E+03
1.6168229E+00  4.7644E+03
1.6249070E+00  4.7040E+03
1.6330316E+00  4.6444E+03
1.6411967E+00  4.5855E+03
1.6494027E+00  4.5274E+03
1.6576497E+00  4.4701E+03
1.6659380E+00  4.4135E+03
1.6742677E+00  4.3576E+03
1.6826390E+00  4.3024E+03
1.6910522E+00  4.2478E+03
1.6995075E+00  4.1939E+03
1.7080050E+00  4.1407E+03
1.7165450E+00  4.0882E+03
1.7251278E+00  4.0363E+03
1.7337534E+00  3.9851E+03
1.7394239E+00  3.9520E+03
1.7424222E+00  4.6224E+03
1.7429760E+00  4.6184E+03
1.7511343E+00  4.5606E+03
1.7598899E+00  4.4996E+03
1.7686894E+00  4.4394E+03
1.7775328E+00  4.3800E+03
1.7864205E+00  4.3214E+03
1.7953526E+00  4.2636E+03
1.8043294E+00  4.2066E+03
1.8133510E+00  4.1503E+03
1.8224178E+00  4.0948E+03
1.8315299E+00  4.0416E+03
1.8406875E+00  3.9909E+03
1.8498909E+00  3.9410E+03
1.8591404E+00  3.8919E+03
1.8684361E+00  3.8436E+03
1.8777783E+00  3.7961E+03
1.8871672E+00  3.7494E+03
1.8966030E+00  3.7034E+03
1.9060860E+00  3.6581E+03
1.9156165E+00  3.6136E+03
1.9208002E+00  3.5897E+03
1.9247997E+00  3.8247E+03
1.9251945E+00  3.8227E+03
1.9348205E+00  3.7749E+03
1.9444946E+00  3.7278E+03
1.9542171E+00  3.6814E+03
1.9639882E+00  3.6358E+03
1.9738081E+00  3.5908E+03
1.9836772E+00  3.5465E+03
1.9935955E+00  3.5028E+03
2.0035635E+00  3.4597E+03
2.0135813E+00  3.4173E+03
2.0236492E+00  3.3764E+03
2.0337675E+00  3.3367E+03
2.0439363E+00  3.2976E+03
2.0541560E+00  3.2592E+03
2.0644268E+00  3.2213E+03
2.0747489E+00  3.1840E+03
2.0851227E+00  3.1473E+03
2.0955483E+00  3.1111E+03
2.1060260E+00  3.0754E+03
2.1165562E+00  3.0402E+03
2.1244052E+00  3.0145E+03
2.1271389E+00  3.0056E+03
2.1321947E+00  3.1307E+03
2.1377746E+00  3.1122E+03
2.1484635E+00  3.0772E+03
2.1592058E+00  3.0426E+03
2.1700018E+00  3.0086E+03
2.1808519E+00  2.9749E+03
2.1917561E+00  2.9417E+03
2.2027149E+00  2.9090E+03
2.2137285E+00  2.8766E+03
2.2247971E+00  2.8447E+03
2.2359211E+00  2.8132E+03
2.2471007E+00  2.7822E+03
2.2583362E+00  2.7516E+03
2.2696279E+00  2.7210E+03
2.2809760E+00  2.6904E+03
2.2923809E+00  2.6602E+03
2.3038428E+00  2.6304E+03
2.3153620E+00  2.6008E+03
2.3269388E+00  2.5717E+03
2.3385735E+00  2.5429E+03
2.3502664E+00  2.5144E+03
2.3620177E+00  2.4862E+03
2.3738278E+00  2.4584E+03
2.3856970E+00  2.4309E+03
2.3976254E+00  2.4037E+03
2.4096136E+00  2.3769E+03
2.4216616E+00  2.3503E+03
2.4337699E+00  2.3240E+03
2.4459388E+00  2.2980E+03
2.4581685E+00  2.2723E+03
2.4704593E+00  2.2469E+03
2.4828116E+00  2.2218E+03
2.4952257E+00  2.1970E+03
2.5077018E+00  2.1722E+03
2.5202403E+00  2.1476E+03
2.5328415E+00  2.1233E+03
2.5455057E+00  2.0992E+03
2.5582333E+00  2.0754E+03
2.5710244E+00  2.0519E+03
2.5838796E+00  2.0287E+03
2.5967990E+00  2.0057E+03
2.6097829E+00  1.9829E+03
2.6228319E+00  1.9604E+03
2.6359460E+00  1.9382E+03
2.6491257E+00  1.9162E+03
2.6623714E+00  1.8945E+03
2.6756832E+00  1.8730E+03
2.6890617E+00  1.8517E+03
2.7025070E+00  1.8307E+03
2.7160195E+00  1.8096E+03
2.7295996E+00  1.7887E+03
2.7432476E+00  1.7681E+03
2.7569638E+00  1.7477E+03
2.7707486E+00  1.7275E+03
2.7846024E+00  1.7075E+03
2.7985254E+00  1.6875E+03
2.8125180E+00  1.6678E+03
2.8265806E+00  1.6483E+03
2.8407135E+00  1.6291E+03
2.8549171E+00  1.6101E+03
2.8691917E+00  1.5913E+03
2.8835376E+00  1.5727E+03
2.8979553E+00  1.5544E+03
2.9124451E+00  1.5363E+03
2.9270073E+00  1.5184E+03
2.9416424E+00  1.5007E+03
2.9563506E+00  1.4833E+03
2.9711323E+00  1.4660E+03
2.9859880E+00  1.4490E+03
3.0009179E+00  1.4321E+03
3.0159225E+00  1.4139E+03
3.0310021E+00  1.3959E+03
3.0461571E+00  1.3780E+03
3.0613879E+00  1.3603E+03
3.0766949E+00  1.3429E+03
3.0920783E+00  1.3258E+03
3.1075387E+00  1.3088E+03
3.1230764E+00  1.2921E+03
3.1386918E+00  1.2756E+03
3.1543853E+00  1.2594E+03
3.1701572E+00  1.2434E+03
3.1860080E+00  1.2276E+03
3.2019380E+00  1.2120E+03
3.2179477E+00  1.1966E+03
3.2340374E+00  1.1814E+03
3.2502076E+00  1.1664E+03
3.2664587E+00  1.1516E+03
3.2827910E+00  1.1371E+03
3.2992049E+00  1.1227E+03
3.3157009E+00  1.1085E+03
3.3322794E+00  1.0945E+03
3.3489408E+00  1.0807E+03
3.3656856E+00  1.0671E+03
3.3825140E+00  1.0537E+03
3.3994265E+00  1.0404E+03
3.4164237E+00  1.0273E+03
3.4335058E+00  1.0145E+03
3.4506733E+00  1.0017E+03
3.4679267E+00  9.8917E+02
3.4852663E+00  9.7674E+02
3.5026927E+00  9.6423E+02
3.5202061E+00  9.5190E+02
3.5378072E+00  9.3973E+02
3.5554962E+00  9.2772E+02
3.5732737E+00  9.1588E+02
3.5911400E+00  9.0420E+02
3.6090957E+00  8.9267E+02
3.6271412E+00  8.8131E+02
3.6452769E+00  8.7009E+02
3.6635033E+00  8.5902E+02
3.6818208E+00  8.4811E+02
3.7002299E+00  8.3734E+02
3.7187311E+00  8.2671E+02
3.7373247E+00  8.1623E+02
3.7560114E+00  8.0589E+02
3.7747914E+00  7.9569E+02
3.7936654E+00  7.8562E+02
3.8126337E+00  7.7569E+02
3.8316969E+00  7.6589E+02
3.8508554E+00  7.5618E+02
3.8701096E+00  7.4650E+02
3.8894602E+00  7.3694E+02
3.9089075E+00  7.2751E+02
3.9284520E+00  7.1820E+02
3.9480943E+00  7.0903E+02
3.9678347E+00  6.9997E+02
3.9876739E+00  6.9104E+02
4.055024E+00  6.6190E+02
4.334821E+00  5.5785E+02
4.633924E+00  4.7038E+02
4.953664E+00  3.9716E+02
5.295467E+00  3.3578E+02
5.660855E+00  2.8426E+02
6.051453E+00  2.4032E+02
6.469004E+00  2.0257E+02
6.915365E+00  1.7099E+02
7.392525E+00  1.4459E+02
7.902609E+00  1.2208E+02
7.909678E+00  1.2180E+02
8.030745E+00  1.1719E+02
8.063029E+00  1.1600E+02
8.111456E+00  3.2876E+02
8.232522E+00  3.1360E+02
8.447890E+00  2.8883E+02
8.739444E+00  2.6337E+02
8.873211E+00  2.5318E+02
8.908882E+00  2.5052E+02
8.962389E+00  3.4374E+02
9.030794E+00  3.3617E+02
9.096156E+00  3.2915E+02
9.206316E+00  3.1774E+02
9.347229E+00  3.0386E+02
9.384806E+00  3.0040E+02
9.441171E+00  3.4194E+02
9.582084E+00  3.2880E+02
9.653919E+00  3.2238E+02
1.032004E+01  2.7049E+02
1.103212E+01  2.2719E+02
1.179334E+01  1.9091E+02
1.260708E+01  1.6007E+02
1.347697E+01  1.3415E+02
1.440688E+01  1.1243E+02
1.540095E+01  9.4263E+01
1.646362E+01  7.8985E+01
1.759961E+01  6.6063E+01
1.881398E+01  5.5244E+01
2.011215E+01  4.6116E+01
2.149988E+01  3.8530E+01
2.298338E+01  3.2220E+01
2.456923E+01  2.6967E+01
2.626450E+01  2.2590E+01
2.807676E+01  1.8790E+01
3.001405E+01  1.5600E+01
3.208502E+01  1.2962E+01
3.429889E+01  1.0780E+01
3.666551E+01  8.9566E+00
3.919543E+01  7.4375E+00
4.189992E+01  6.1627E+00
4.479101E+01  5.0968E+00
4.788159E+01  4.2158E+00
5.118542E+01  3.4893E+00
5.450534E+01  2.9219E+00
5.471721E+01  2.8902E+00
5.533961E+01  2.7996E+00
5.556208E+01  2.7681E+00
5.589579E+01  1.5069E+01
5.673005E+01  1.4514E+01
5.849270E+01  1.3430E+01
6.252870E+01  1.1282E+01
6.684318E+01  9.4613E+00
7.145536E+01  7.9308E+00
7.638578E+01  6.6437E+00
8.165640E+01  5.5572E+00
8.729069E+01  4.6344E+00
9.331374E+01  3.8653E+00
9.975239E+01  3.2243E+00
1.066353E+02  2.6899E+00
1.139931E+02  2.2408E+00
1.218587E+02  1.8618E+00
1.302669E+02  1.5471E+00
1.392553E+02  1.2857E+00
1.488640E+02  1.0685E+00
1.591356E+02  8.8815E-01
1.701159E+02  7.3828E-01
1.818539E+02  6.1375E-01
1.944018E+02  5.1027E-01
2.078156E+02  4.2427E-01
2.221548E+02  3.5279E-01
2.374835E+02  2.9337E-01
2.538699E+02  2.4500E-01
2.713869E+02  2.0485E-01
2.901126E+02  1.7130E-01
3.101304E+02  1.4325E-01
3.315294E+02  1.1980E-01
3.544049E+02  1.0020E-01
3.788588E+02  8.3811E-02
4.050001E+02  7.0106E-02
4.329451E+02  5.8645E-02