Ir (Z = 77) Atomic weight: Ar = 192.2200 g mol-1   Nominal density:   ? (g cm-3) = 2.2390E+01
sigma(barns/atom) = [mue/rho](cm2 g-1)  ×  3.19189E+02
E(eV) [mue/rho](cm2 g-1) = f2(e atom-1)  ×  2.18917E+05
21 edges. Edge energies (keV):
K      7.61110E+01  
L I    1.34185E+01  
L II   1.28241E+01  
L III  1.12152E+01 
M I    3.17370E+00  
M II   2.90870E+00  
M III  2.55070E+00  
M IV   2.11610E+00 
M V    2.04040E+00  
N I    6.90100E-01  
N II   5.77100E-01  
N III  4.94300E-01 
N IV   3.11400E-01  
N V    2.94900E-01  
N VI   6.34000E-02  
N VII  6.05000E-02 
O I    9.52000E-02  
O II   6.30000E-02  
O III  5.05000E-02  
O IV   8.06275E-03 
O V    6.85456E-03 
Data
E/keV            [mue/rho]Photoelectric/cm2g-1
6.888830E-03  2.5921E+04
6.991648E-03  2.5050E+04
7.901491E-03  1.9380E+04
8.022432E-03  1.9072E+04
8.054683E-03  1.9006E+04
8.103059E-03  4.8342E+04
8.224000E-03  4.6942E+04
1.069000E-02  4.6273E+04
1.142761E-02  5.2931E+04
1.221612E-02  6.1738E+04
1.305903E-02  7.2476E+04
1.396010E-02  8.4772E+04
1.492335E-02  9.8015E+04
1.595306E-02  1.1133E+05
1.705382E-02  1.2364E+05
1.823053E-02  1.3375E+05
1.948844E-02  1.4058E+05
2.083314E-02  1.4331E+05
2.227063E-02  1.4157E+05
2.380730E-02  1.3550E+05
2.545001E-02  1.2572E+05
2.720606E-02  1.1321E+05
2.908327E-02  9.9084E+04
3.109002E-02  8.4454E+04
3.323523E-02  7.0284E+04
3.552846E-02  5.7254E+04
3.797993E-02  4.5806E+04
4.060054E-02  3.6121E+04
4.340198E-02  2.8168E+04
4.639671E-02  2.1794E+04
4.949000E-02  1.6925E+04
4.959809E-02  1.6780E+04
5.024750E-02  1.5941E+04
5.044950E-02  1.5690E+04
5.075250E-02  3.1770E+04
5.151000E-02  3.0081E+04
5.302035E-02  2.7041E+04
5.667876E-02  2.1149E+04
5.929000E-02  1.7894E+04
6.019750E-02  1.6910E+04
6.043950E-02  1.6660E+04
6.058959E-02  1.8390E+04
6.080250E-02  1.8155E+04
6.171000E-02  1.7195E+04
6.174000E-02  1.7164E+04
6.213200E-02  1.6771E+04
6.268500E-02  1.6235E+04
6.293700E-02  1.5999E+04
6.308300E-02  2.2217E+04
6.333660E-02  2.1946E+04
6.371700E-02  2.2760E+04
6.426000E-02  2.2184E+04
6.466800E-02  2.1764E+04
6.477028E-02  2.1661E+04
6.923942E-02  1.7803E+04
7.401695E-02  1.4744E+04
7.912411E-02  1.2272E+04
8.458368E-02  1.0350E+04
9.041995E-02  8.9484E+03
9.329600E-02  8.4583E+03
9.472400E-02  8.2573E+03
9.510480E-02  8.2081E+03
9.567600E-02  8.3298E+03
9.665893E-02  8.2181E+03
9.710400E-02  8.1713E+03
1.033284E-01  7.7343E+03
1.104581E-01  7.6468E+03
1.180797E-01  7.9193E+03
1.262272E-01  8.5168E+03
1.349368E-01  9.4086E+03
1.442475E-01  1.0541E+04
1.542005E-01  1.1854E+04
1.648404E-01  1.3280E+04
1.762144E-01  1.4726E+04
1.883732E-01  1.6103E+04
2.013709E-01  1.7325E+04
2.152655E-01  1.8317E+04
2.301188E-01  1.9020E+04
2.459970E-01  1.9397E+04
2.629708E-01  1.9409E+04
2.811158E-01  1.9050E+04
2.890020E-01  1.8801E+04
2.934255E-01  1.8642E+04
2.946051E-01  1.8598E+04
2.963745E-01  1.8961E+04
3.005128E-01  1.8809E+04
3.007980E-01  1.8798E+04
3.051720E-01  1.8628E+04
3.098430E-01  1.8437E+04
3.110886E-01  1.8385E+04
3.129570E-01  1.8617E+04
3.176280E-01  1.8422E+04
3.212482E-01  1.8267E+04
3.434143E-01  1.7258E+04
3.671099E-01  1.6135E+04
3.924405E-01  1.4954E+04
4.195189E-01  1.3760E+04
4.484657E-01  1.2589E+04
4.794098E-01  1.1463E+04
4.844140E-01  1.1293E+04
4.918285E-01  1.1047E+04
4.938057E-01  1.0983E+04
4.967715E-01  1.1595E+04
5.0000000E-01  1.1489E+04
5.0250000E-01  1.1408E+04
5.0501250E-01  1.1328E+04
5.0753756E-01  1.1247E+04
5.1007525E-01  1.1168E+04
5.1262563E-01  1.1088E+04
5.1518875E-01  1.1009E+04
5.1776470E-01  1.0930E+04
5.2035352E-01  1.0852E+04
5.2295529E-01  1.0774E+04
5.2557007E-01  1.0697E+04
5.2819792E-01  1.0620E+04
5.3083891E-01  1.0543E+04
5.3349310E-01  1.0467E+04
5.3616057E-01  1.0391E+04
5.3884137E-01  1.0316E+04
5.4153558E-01  1.0241E+04
5.4424325E-01  1.0166E+04
5.4696447E-01  1.0092E+04
5.4969929E-01  1.0018E+04
5.5244779E-01  9.9451E+03
5.5521003E-01  9.8721E+03
5.5798608E-01  9.7995E+03
5.6077601E-01  9.7273E+03
5.6357989E-01  9.6555E+03
5.6639779E-01  9.5841E+03
5.6922978E-01  9.5131E+03
5.7207593E-01  9.4425E+03
5.7493630E-01  9.3722E+03
5.7626318E-01  9.3399E+03
5.7781099E-01  9.4436E+03
5.7793677E-01  9.4406E+03
5.8070004E-01  9.3742E+03
5.8360354E-01  9.3051E+03
5.8652156E-01  9.2365E+03
5.8945417E-01  9.1682E+03
5.9240144E-01  9.1003E+03
5.9536345E-01  9.0329E+03
5.9834026E-01  8.9658E+03
6.0133196E-01  8.8991E+03
6.0433862E-01  8.8328E+03
6.0736032E-01  8.7669E+03
6.1039712E-01  8.7014E+03
6.1344910E-01  8.6362E+03
6.1651635E-01  8.5715E+03
6.1959893E-01  8.5071E+03
6.2269693E-01  8.4431E+03
6.2581041E-01  8.3796E+03
6.2893946E-01  8.3163E+03
6.3208416E-01  8.2535E+03
6.3524458E-01  8.1911E+03
6.3842080E-01  8.1290E+03
6.4161291E-01  8.0673E+03
6.4482097E-01  8.0060E+03
6.4804508E-01  7.9451E+03
6.5128530E-01  7.8845E+03
6.5454173E-01  7.8243E+03
6.5781444E-01  7.7645E+03
6.6110351E-01  7.7050E+03
6.6440903E-01  7.6459E+03
6.6773107E-01  7.5872E+03
6.7106973E-01  7.5288E+03
6.7442508E-01  7.4708E+03
6.7779720E-01  7.4132E+03
6.8118619E-01  7.3559E+03
6.8459212E-01  7.2989E+03
6.8801508E-01  7.2424E+03
6.8899585E-01  7.2263E+03
6.9120417E-01  7.3611E+03
6.9145515E-01  7.3570E+03
6.9491243E-01  7.3005E+03
6.9838699E-01  7.2444E+03
7.0187893E-01  7.1887E+03
7.0538832E-01  7.1333E+03
7.0891526E-01  7.0782E+03
7.1245984E-01  7.0235E+03
7.1602214E-01  6.9692E+03
7.1960225E-01  6.9152E+03
7.2320026E-01  6.8615E+03
7.2681626E-01  6.8082E+03
7.3045034E-01  6.7553E+03
7.3410260E-01  6.7026E+03
7.3777311E-01  6.6504E+03
7.4146197E-01  6.5984E+03
7.4516928E-01  6.5468E+03
7.4889513E-01  6.4956E+03
7.5263961E-01  6.4446E+03
7.5640280E-01  6.3940E+03
7.6018482E-01  6.3438E+03
7.6398574E-01  6.2938E+03
7.6780567E-01  6.2442E+03
7.7164470E-01  6.1949E+03
7.7550292E-01  6.1459E+03
7.7938044E-01  6.0973E+03
7.8327734E-01  6.0490E+03
7.8719373E-01  6.0009E+03
7.9112969E-01  5.9532E+03
7.9508534E-01  5.9059E+03
7.9906077E-01  5.8588E+03
8.0305607E-01  5.8120E+03
8.0707135E-01  5.7656E+03
8.1110671E-01  5.7195E+03
8.1516224E-01  5.6736E+03
8.1923806E-01  5.6281E+03
8.2333425E-01  5.5829E+03
8.2745092E-01  5.5380E+03
8.3158817E-01  5.4934E+03
8.3574611E-01  5.4491E+03
8.3992484E-01  5.4048E+03
8.4412447E-01  5.3609E+03
8.4834509E-01  5.3172E+03
8.5258682E-01  5.2739E+03
8.5684975E-01  5.2308E+03
8.6113400E-01  5.1880E+03
8.6543967E-01  5.1456E+03
8.6976687E-01  5.1034E+03
8.7411570E-01  5.0615E+03
8.7848628E-01  5.0199E+03
8.8287871E-01  4.9785E+03
8.8729310E-01  4.9375E+03
8.9172957E-01  4.8968E+03
8.9618822E-01  4.8563E+03
9.0066916E-01  4.8161E+03
9.0517250E-01  4.7762E+03
9.0969837E-01  4.7366E+03
9.1424686E-01  4.6973E+03
9.1881809E-01  4.6582E+03
9.2341218E-01  4.6195E+03
9.2802924E-01  4.5810E+03
9.3266939E-01  4.5428E+03
9.3733274E-01  4.5048E+03
9.4201940E-01  4.4671E+03
9.4672950E-01  4.4298E+03
9.5146315E-01  4.3926E+03
9.5622046E-01  4.3557E+03
9.6100156E-01  4.3191E+03
9.6580657E-01  4.2828E+03
9.7063560E-01  4.2467E+03
9.7548878E-01  4.2109E+03
9.8036623E-01  4.1753E+03
9.8526806E-01  4.1399E+03
9.9019440E-01  4.1048E+03
9.9514537E-01  4.0700E+03
1.0001211E+00  4.0353E+03
1.0051217E+00  3.9964E+03
1.0101473E+00  3.9579E+03
1.0151980E+00  3.9197E+03
1.0202740E+00  3.8819E+03
1.0253754E+00  3.8444E+03
1.0305023E+00  3.8073E+03
1.0356548E+00  3.7705E+03
1.0408331E+00  3.7340E+03
1.0460372E+00  3.6979E+03
1.0512674E+00  3.6621E+03
1.0565238E+00  3.6267E+03
1.0618064E+00  3.5916E+03
1.0671154E+00  3.5568E+03
1.0724510E+00  3.5224E+03
1.0778132E+00  3.4883E+03
1.0832023E+00  3.4545E+03
1.0886183E+00  3.4210E+03
1.0940614E+00  3.3879E+03
1.0995317E+00  3.3551E+03
1.1050294E+00  3.3226E+03
1.1105545E+00  3.2904E+03
1.1161073E+00  3.2585E+03
1.1216878E+00  3.2269E+03
1.1272963E+00  3.1957E+03
1.1329328E+00  3.1647E+03
1.1385974E+00  3.1333E+03
1.1442904E+00  3.1013E+03
1.1500119E+00  3.0697E+03
1.1557619E+00  3.0384E+03
1.1615407E+00  3.0074E+03
1.1673484E+00  2.9768E+03
1.1731852E+00  2.9464E+03
1.1790511E+00  2.9164E+03
1.1849464E+00  2.8851E+03
1.1908711E+00  2.8538E+03
1.1968254E+00  2.8218E+03
1.2028096E+00  2.7903E+03
1.2088236E+00  2.7591E+03
1.2148677E+00  2.7283E+03
1.2209421E+00  2.6979E+03
1.2270468E+00  2.6679E+03
1.2331820E+00  2.6382E+03
1.2393479E+00  2.6090E+03
1.2455447E+00  2.5800E+03
1.2517724E+00  2.5504E+03
1.2580312E+00  2.5211E+03
1.2643214E+00  2.4922E+03
1.2706430E+00  2.4637E+03
1.2769962E+00  2.4355E+03
1.2833812E+00  2.4076E+03
1.2897981E+00  2.3802E+03
1.2962471E+00  2.3530E+03
1.3027283E+00  2.3263E+03
1.3092420E+00  2.2998E+03
1.3157882E+00  2.2737E+03
1.3223671E+00  2.2479E+03
1.3289790E+00  2.2224E+03
1.3356239E+00  2.1973E+03
1.3423020E+00  2.1725E+03
1.3490135E+00  2.1480E+03
1.3557586E+00  2.1237E+03
1.3625374E+00  2.0998E+03
1.3693500E+00  2.0762E+03
1.3761968E+00  2.0529E+03
1.3830778E+00  2.0299E+03
1.3899932E+00  2.0071E+03
1.3969431E+00  1.9847E+03
1.4039278E+00  1.9625E+03
1.4109475E+00  1.9406E+03
1.4180022E+00  1.9190E+03
1.4250922E+00  1.8976E+03
1.4322177E+00  1.8765E+03
1.4393788E+00  1.8557E+03
1.4465757E+00  1.8351E+03
1.4538086E+00  1.8147E+03
1.4610776E+00  1.7947E+03
1.4683830E+00  1.7748E+03
1.4757249E+00  1.7552E+03
1.4831035E+00  1.7359E+03
1.4905190E+00  1.7168E+03
1.4979716E+00  1.6979E+03
1.5054615E+00  1.6792E+03
1.5129888E+00  1.6608E+03
1.5205537E+00  1.6426E+03
1.5281565E+00  1.6246E+03
1.5357973E+00  1.6069E+03
1.5434763E+00  1.5893E+03
1.5511937E+00  1.5720E+03
1.5589496E+00  1.5549E+03
1.5667444E+00  1.5380E+03
1.5745781E+00  1.5212E+03
1.5824510E+00  1.5047E+03
1.5903633E+00  1.4884E+03
1.5983151E+00  1.4723E+03
1.6063066E+00  1.4564E+03
1.6143382E+00  1.4407E+03
1.6224099E+00  1.4251E+03
1.6305219E+00  1.4098E+03
1.6386745E+00  1.3946E+03
1.6468679E+00  1.3796E+03
1.6551022E+00  1.3648E+03
1.6633777E+00  1.3502E+03
1.6716946E+00  1.3357E+03
1.6800531E+00  1.3214E+03
1.6884534E+00  1.3073E+03
1.6968956E+00  1.2933E+03
1.7053801E+00  1.2796E+03
1.7139070E+00  1.2659E+03
1.7224766E+00  1.2525E+03
1.7310889E+00  1.2392E+03
1.7397444E+00  1.2260E+03
1.7484431E+00  1.2130E+03
1.7571853E+00  1.2002E+03
1.7659712E+00  1.1875E+03
1.7748011E+00  1.1750E+03
1.7836751E+00  1.1626E+03
1.7925935E+00  1.1503E+03
1.8015565E+00  1.1382E+03
1.8105642E+00  1.1263E+03
1.8196171E+00  1.1144E+03
1.8287151E+00  1.1027E+03
1.8378587E+00  1.0912E+03
1.8470480E+00  1.0798E+03
1.8562833E+00  1.0685E+03
1.8655647E+00  1.0573E+03
1.8748925E+00  1.0463E+03
1.8842670E+00  1.0354E+03
1.8936883E+00  1.0246E+03
1.9031567E+00  1.0140E+03
1.9126725E+00  1.0034E+03
1.9222359E+00  9.9304E+02
1.9318471E+00  9.8276E+02
1.9415063E+00  9.7259E+02
1.9512138E+00  9.6254E+02
1.9609699E+00  9.5261E+02
1.9707747E+00  9.4279E+02
1.9806286E+00  9.3301E+02
1.9905318E+00  9.2320E+02
2.0004844E+00  9.1351E+02
2.0104868E+00  9.0392E+02
2.0205393E+00  8.9445E+02
2.0306420E+00  8.8509E+02
2.0399144E+00  8.7663E+02
2.0407952E+00  2.7492E+03
2.0408856E+00  2.7489E+03
2.0509992E+00  2.7162E+03
2.0612542E+00  2.6836E+03
2.0715604E+00  2.6514E+03
2.0819182E+00  2.6196E+03
2.0923278E+00  2.5882E+03
2.1027895E+00  2.5572E+03
2.1133034E+00  2.5265E+03
2.1153256E+00  2.5207E+03
2.1168746E+00  3.7102E+03
2.1238699E+00  3.6803E+03
2.1344893E+00  3.6356E+03
2.1451617E+00  3.5915E+03
2.1558875E+00  3.5479E+03
2.1666670E+00  3.5048E+03
2.1775003E+00  3.4623E+03
2.1883878E+00  3.4203E+03
2.1993297E+00  3.3788E+03
2.2103264E+00  3.3379E+03
2.2213780E+00  3.2974E+03
2.2324849E+00  3.2575E+03
2.2436473E+00  3.2180E+03
2.2548656E+00  3.1790E+03
2.2661399E+00  3.1406E+03
2.2774706E+00  3.1025E+03
2.2888579E+00  3.0650E+03
2.3003022E+00  3.0279E+03
2.3118037E+00  2.9913E+03
2.3233628E+00  2.9550E+03
2.3349796E+00  2.9192E+03
2.3466545E+00  2.8838E+03
2.3583878E+00  2.8489E+03
2.3701797E+00  2.8144E+03
2.3820306E+00  2.7803E+03
2.3939407E+00  2.7467E+03
2.4059104E+00  2.7134E+03
2.4179400E+00  2.6806E+03
2.4300297E+00  2.6482E+03
2.4421798E+00  2.6161E+03
2.4543907E+00  2.5845E+03
2.4666627E+00  2.5533E+03
2.4789960E+00  2.5224E+03
2.4913910E+00  2.4919E+03
2.5038479E+00  2.4618E+03
2.5163672E+00  2.4321E+03
2.5289490E+00  2.4028E+03
2.5415938E+00  2.3738E+03
2.5483176E+00  2.3585E+03
2.5530823E+00  2.7559E+03
2.5543017E+00  2.7526E+03
2.5670732E+00  2.7184E+03
2.5799086E+00  2.6847E+03
2.5928082E+00  2.6514E+03
2.6057722E+00  2.6185E+03
2.6188011E+00  2.5860E+03
2.6318951E+00  2.5539E+03
2.6450545E+00  2.5223E+03
2.6582798E+00  2.4907E+03
2.6715712E+00  2.4592E+03
2.6849291E+00  2.4291E+03
2.6983537E+00  2.4000E+03
2.7118455E+00  2.3714E+03
2.7254047E+00  2.3433E+03
2.7390317E+00  2.3156E+03
2.7527269E+00  2.2882E+03
2.7664905E+00  2.2609E+03
2.7803230E+00  2.2340E+03
2.7942246E+00  2.2074E+03
2.8081957E+00  2.1812E+03
2.8222367E+00  2.1554E+03
2.8363479E+00  2.1299E+03
2.8505296E+00  2.1047E+03
2.8647823E+00  2.0799E+03
2.8791062E+00  2.0554E+03
2.8935017E+00  2.0312E+03
2.9045696E+00  2.0129E+03
2.9079692E+00  2.0073E+03
2.9128303E+00  2.1377E+03
2.9225091E+00  2.1200E+03
2.9371216E+00  2.0937E+03
2.9518072E+00  2.0678E+03
2.9665662E+00  2.0422E+03
2.9813991E+00  2.0169E+03
2.9963061E+00  1.9919E+03
3.0112876E+00  1.9670E+03
3.0263440E+00  1.9425E+03
3.0414758E+00  1.9184E+03
3.0566831E+00  1.8947E+03
3.0719666E+00  1.8715E+03
3.0873264E+00  1.8486E+03
3.1027630E+00  1.8260E+03
3.1182768E+00  1.8037E+03
3.1338682E+00  1.7817E+03
3.1495376E+00  1.7600E+03
3.1652853E+00  1.7386E+03
3.1671623E+00  1.7361E+03
3.1802379E+00  1.7951E+03
3.1811117E+00  1.7939E+03
3.1970172E+00  1.7725E+03
3.2130023E+00  1.7513E+03
3.2290673E+00  1.7304E+03
3.2452127E+00  1.7097E+03
3.2614387E+00  1.6892E+03
3.2777459E+00  1.6690E+03
3.2941347E+00  1.6490E+03
3.3106053E+00  1.6293E+03
3.3271584E+00  1.6096E+03
3.3437941E+00  1.5902E+03
3.3605131E+00  1.5710E+03
3.3773157E+00  1.5520E+03
3.3942023E+00  1.5332E+03
3.4111733E+00  1.5146E+03
3.4282291E+00  1.4962E+03
3.4453703E+00  1.4781E+03
3.4625971E+00  1.4601E+03
3.4799101E+00  1.4423E+03
3.4973097E+00  1.4248E+03
3.5147962E+00  1.4075E+03
3.5323702E+00  1.3903E+03
3.5500321E+00  1.3734E+03
3.5677822E+00  1.3566E+03
3.5856211E+00  1.3401E+03
3.6035492E+00  1.3237E+03
3.6215670E+00  1.3075E+03
3.6396748E+00  1.2916E+03
3.6578732E+00  1.2758E+03
3.6761626E+00  1.2602E+03
3.6945434E+00  1.2448E+03
3.7130161E+00  1.2295E+03
3.7315812E+00  1.2145E+03
3.7502391E+00  1.1997E+03
3.7689903E+00  1.1850E+03
3.7878352E+00  1.1706E+03
3.8067744E+00  1.1564E+03
3.8258083E+00  1.1424E+03
3.8449373E+00  1.1285E+03
3.8641620E+00  1.1149E+03
3.8834828E+00  1.1014E+03
3.9029002E+00  1.0881E+03
3.9224147E+00  1.0749E+03
3.9420268E+00  1.0620E+03
3.9617369E+00  1.0492E+03
3.9815456E+00  1.0365E+03
4.0014533E+00  1.0240E+03
4.0214606E+00  1.0117E+03
4.0415679E+00  9.9951E+02
4.0617757E+00  9.8749E+02
4.0820846E+00  9.7559E+02
4.1024950E+00  9.6343E+02
4.1230075E+00  9.5143E+02
4.1436226E+00  9.3955E+02
4.1643407E+00  9.2782E+02
4.1851624E+00  9.1625E+02
4.2060882E+00  9.0483E+02
4.2271186E+00  8.9356E+02
4.2482542E+00  8.8224E+02
4.2694955E+00  8.7100E+02
4.2908430E+00  8.5991E+02
4.3122972E+00  8.4898E+02
4.3338587E+00  8.3820E+02
4.3555280E+00  8.2756E+02
4.3773056E+00  8.1706E+02
4.3991921E+00  8.0671E+02
4.4211881E+00  7.9650E+02
4.4432940E+00  7.8642E+02
4.4655105E+00  7.7649E+02
4.4878381E+00  7.6668E+02
4.5102772E+00  7.5701E+02
4.5328286E+00  7.4747E+02
4.5554928E+00  7.3806E+02
4.5782702E+00  7.2877E+02
4.6011616E+00  7.1961E+02
4.6241674E+00  7.1058E+02
4.6472882E+00  7.0166E+02
4.6705247E+00  6.9287E+02
4.6938773E+00  6.8419E+02
4.7173467E+00  6.7563E+02
4.7409334E+00  6.6718E+02
4.7646381E+00  6.5885E+02
4.7884613E+00  6.5063E+02
4.8124036E+00  6.4252E+02
4.8364656E+00  6.3451E+02
4.8606479E+00  6.2662E+02
4.8849512E+00  6.1883E+02
4.9093759E+00  6.1114E+02
4.9339228E+00  6.0355E+02
4.9585924E+00  5.9607E+02
4.9833854E+00  5.8869E+02
5.0083023E+00  5.8140E+02
5.0333438E+00  5.7421E+02
5.0585105E+00  5.6712E+02
5.0838031E+00  5.6012E+02
5.1092221E+00  5.5316E+02
5.1347682E+00  5.4617E+02
5.1604421E+00  5.3927E+02
5.1862443E+00  5.3246E+02
5.2121755E+00  5.2575E+02
5.2382364E+00  5.1912E+02
5.2644276E+00  5.1259E+02
5.2907497E+00  5.0614E+02
5.3172034E+00  4.9978E+02
5.3437895E+00  4.9350E+02
5.3705084E+00  4.8731E+02
5.3973609E+00  4.8120E+02
5.4243477E+00  4.7517E+02
5.4514695E+00  4.6922E+02
5.4787268E+00  4.6335E+02
5.5061205E+00  4.5755E+02
5.5336511E+00  4.5184E+02
5.5613193E+00  4.4617E+02
5.5891259E+00  4.4057E+02
5.6170716E+00  4.3504E+02
5.6451569E+00  4.2959E+02
5.6733827E+00  4.2421E+02
5.7017496E+00  4.1890E+02
5.7302584E+00  4.1367E+02
5.7589096E+00  4.0850E+02
5.7877042E+00  4.0340E+02
5.8166427E+00  3.9837E+02
5.8457259E+00  3.9334E+02
5.8749546E+00  3.8834E+02
5.9043293E+00  3.8342E+02
5.9338510E+00  3.7856E+02
5.9635202E+00  3.7376E+02
5.9933378E+00  3.6903E+02
6.0233045E+00  3.6436E+02
6.0534210E+00  3.5975E+02
6.0836882E+00  3.5521E+02
6.1141066E+00  3.5073E+02
6.1446771E+00  3.4630E+02
6.1754005E+00  3.4194E+02
6.2062775E+00  3.3763E+02
6.2373089E+00  3.3338E+02
6.2684954E+00  3.2919E+02
6.2998379E+00  3.2505E+02
6.3313371E+00  3.2097E+02
6.3629938E+00  3.1693E+02
6.3948088E+00  3.1294E+02
6.4267828E+00  3.0900E+02
6.4589167E+00  3.0511E+02
6.4912113E+00  3.0127E+02
6.5236674E+00  2.9748E+02
6.5562857E+00  2.9375E+02
6.5890671E+00  2.9006E+02
6.6220125E+00  2.8642E+02
6.6551225E+00  2.8283E+02
6.6883981E+00  2.7929E+02
6.7218401E+00  2.7579E+02
6.7554493E+00  2.7234E+02
6.7892266E+00  2.6894E+02
6.8231727E+00  2.6558E+02
6.8572886E+00  2.6226E+02
6.8915750E+00  2.5899E+02
6.9260329E+00  2.5577E+02
6.9606631E+00  2.5258E+02
6.9954664E+00  2.4944E+02
7.0304437E+00  2.4633E+02
7.0655959E+00  2.4327E+02
7.1009239E+00  2.4025E+02
7.1364285E+00  2.3727E+02
7.1721107E+00  2.3432E+02
7.2079712E+00  2.3142E+02
7.2440111E+00  2.2855E+02
7.2802311E+00  2.2572E+02
7.3166323E+00  2.2293E+02
7.3532155E+00  2.2018E+02
7.3899815E+00  2.1746E+02
7.4269314E+00  2.1477E+02
7.4640661E+00  2.1212E+02
7.5013864E+00  2.0951E+02
7.5388934E+00  2.0693E+02
7.5765878E+00  2.0438E+02
7.6144708E+00  2.0186E+02
7.6525431E+00  1.9938E+02
7.6908058E+00  1.9693E+02
7.7292599E+00  1.9452E+02
7.7679062E+00  1.9213E+02
7.8067457E+00  1.8977E+02
7.8457794E+00  1.8745E+02
7.8850083E+00  1.8515E+02
7.9244334E+00  1.8289E+02
7.9640555E+00  1.8065E+02
8.0038758E+00  1.7845E+02
8.0438952E+00  1.7627E+02
8.0841147E+00  1.7412E+02
8.1245352E+00  1.7200E+02
8.1651579E+00  1.6990E+02
8.2059837E+00  1.6783E+02
8.2470136E+00  1.6579E+02
8.2882487E+00  1.6377E+02
8.3296899E+00  1.6178E+02
8.3713384E+00  1.5982E+02
8.4131951E+00  1.5788E+02
8.4552610E+00  1.5597E+02
8.4975373E+00  1.5408E+02
8.5400250E+00  1.5221E+02
9.030794E+00  1.3230E+02
9.653919E+00  1.1037E+02
1.032004E+01  9.2191E+01
1.099090E+01  7.7929E+01
1.103212E+01  7.7156E+01
1.115912E+01  7.4796E+01
1.120399E+01  7.3984E+01
1.127128E+01  1.9496E+02
1.143950E+01  1.8723E+02
1.179334E+01  1.7229E+02
1.256762E+01  1.4469E+02
1.260708E+01  1.4345E+02
1.275998E+01  1.3875E+02
1.281128E+01  1.3722E+02
1.288822E+01  1.8888E+02
1.308058E+01  1.8145E+02
1.315013E+01  1.7886E+02
1.335141E+01  1.7164E+02
1.340508E+01  1.6978E+02
1.347697E+01  1.9391E+02
1.348559E+01  1.9360E+02
1.368687E+01  1.8643E+02
1.440688E+01  1.6353E+02
1.540095E+01  1.3754E+02
1.646362E+01  1.1563E+02
1.759961E+01  9.7114E+01
1.881398E+01  8.1511E+01
2.011215E+01  6.8445E+01
2.149988E+01  5.7503E+01
2.298338E+01  4.8304E+01
2.456923E+01  4.0554E+01
2.626450E+01  3.4061E+01
2.807676E+01  2.8356E+01
3.001405E+01  2.3550E+01
3.208502E+01  1.9575E+01
3.429889E+01  1.6285E+01
3.666551E+01  1.3559E+01
3.919543E+01  1.1298E+01
4.189992E+01  9.4223E+00
4.479101E+01  7.8640E+00
4.788159E+01  6.5679E+00
5.118542E+01  5.4793E+00
5.471721E+01  4.5729E+00
5.849270E+01  3.8121E+00
6.252870E+01  3.1664E+00
6.684318E+01  2.6312E+00
7.145536E+01  2.1865E+00
7.458878E+01  1.9415E+00
7.573045E+01  1.8617E+00
7.603489E+01  1.8412E+00
7.638578E+01  9.1237E+00
7.649156E+01  9.0923E+00
7.763322E+01  8.7628E+00
8.165640E+01  7.7050E+00
8.729069E+01  6.4619E+00
9.331374E+01  5.4198E+00
9.975239E+01  4.5469E+00
1.066353E+02  3.8029E+00
1.139931E+02  3.1810E+00
1.218587E+02  2.6612E+00
1.302669E+02  2.2267E+00
1.392553E+02  1.8633E+00
1.488640E+02  1.5594E+00
1.591356E+02  1.3029E+00
1.701159E+02  1.0876E+00
1.818539E+02  9.0808E-01
1.944018E+02  7.5823E-01
2.078156E+02  6.3316E-01
2.221548E+02  5.2878E-01
2.374835E+02  4.4164E-01
2.538699E+02  3.6890E-01
2.713869E+02  3.0816E-01
2.901126E+02  2.5744E-01
3.101304E+02  2.1509E-01
3.315294E+02  1.7984E-01
3.544049E+02  1.5158E-01
3.788588E+02  1.2777E-01
4.050001E+02  1.0771E-01
4.329451E+02  9.0804E-02