Kr (Z = 36) Atomic weight: Ar = 83.80000 g mol-1   Nominal density:  rho (g cm-3) = 3.4840E-03
sigma(barns/atom) = [mue/rho](cm2 g-1)  ×  1.39153E+02 
E(eV) [mue/rho](cm2 g-1) = f2(e atom-1)  ×  5.02152E+05 
9 edges. Edge energies (keV):
K      1.43256E+01  
L I    1.92100E+00  
L II   1.72720E+00  
L III  1.67490E+00 
M I    2.88330E-01  
M II   2.22700E-01  
M III  2.13800E-01  
M IV   8.89000E-02 
M V    8.89000E-02 
Data
E/keV            [mue/rho]Photoelectric/cm2g-1
8.934450E-02  2.3124E+03
9.041995E-02  2.5796E+03
9.067800E-02  2.6476E+03
9.665893E-02  4.7467E+03
1.033284E-01  8.3879E+03
1.104581E-01  1.3269E+04
1.180797E-01  1.9054E+04
1.262272E-01  2.5187E+04
1.349368E-01  3.1027E+04
1.442475E-01  3.6001E+04
1.542005E-01  3.9709E+04
1.648404E-01  4.1968E+04
1.762144E-01  4.2790E+04
1.883732E-01  4.2333E+04
2.013709E-01  4.0838E+04
2.095240E-01  3.9566E+04
2.127310E-01  3.9019E+04
2.135862E-01  3.8870E+04
2.148690E-01  4.1125E+04
2.152655E-01  4.1059E+04
2.182460E-01  4.0556E+04
2.215865E-01  3.9978E+04
2.224773E-01  3.9822E+04
2.238135E-01  4.0609E+04
2.271540E-01  4.0034E+04
2.301188E-01  3.9518E+04
2.459970E-01  3.6724E+04
2.629708E-01  3.3772E+04
2.811158E-01  3.0777E+04
2.825634E-01  3.0548E+04
2.868883E-01  2.9872E+04
2.880417E-01  2.9694E+04
2.897716E-01  3.0706E+04
2.940966E-01  3.0045E+04
3.005128E-01  2.9091E+04
3.212482E-01  2.6229E+04
3.434143E-01  2.3521E+04
3.671099E-01  2.0988E+04
3.924405E-01  1.8633E+04
4.195189E-01  1.6469E+04
4.484657E-01  1.4499E+04
4.794098E-01  1.2721E+04
5.124891E-01  1.1127E+04
5.478508E-01  9.7060E+03
5.856525E-01  8.4461E+03
6.260625E-01  7.3339E+03
6.692609E-01  6.3559E+03
7.154399E-01  5.4987E+03
7.648052E-01  4.7498E+03
8.175768E-01  4.0972E+03
8.739896E-01  3.5297E+03
9.0000000E-01  3.3045E+03
9.0450000E-01  3.2676E+03
9.0902250E-01  3.2311E+03
9.1356761E-01  3.1949E+03
9.1813545E-01  3.1591E+03
9.2272613E-01  3.1238E+03
9.2733976E-01  3.0888E+03
9.3197646E-01  3.0541E+03
9.3663634E-01  3.0199E+03
9.4131952E-01  2.9860E+03
9.4602612E-01  2.9525E+03
9.5075625E-01  2.9194E+03
9.5551003E-01  2.8866E+03
9.6028758E-01  2.8542E+03
9.6508902E-01  2.8221E+03
9.6991446E-01  2.7904E+03
9.7476404E-01  2.7590E+03
9.7963786E-01  2.7280E+03
9.8453605E-01  2.6974E+03
9.8945873E-01  2.6670E+03
9.9440602E-01  2.6371E+03
9.9937805E-01  2.6074E+03
1.0043749E+00  2.5745E+03
1.0093968E+00  2.5416E+03
1.0144438E+00  2.5091E+03
1.0195160E+00  2.4770E+03
1.0246136E+00  2.4454E+03
1.0297367E+00  2.4142E+03
1.0348853E+00  2.3834E+03
1.0400598E+00  2.3530E+03
1.0452601E+00  2.3230E+03
1.0504864E+00  2.2934E+03
1.0557388E+00  2.2642E+03
1.0610175E+00  2.2354E+03
1.0663226E+00  2.2070E+03
1.0716542E+00  2.1790E+03
1.0770125E+00  2.1513E+03
1.0823975E+00  2.1240E+03
1.0878095E+00  2.0970E+03
1.0932486E+00  2.0705E+03
1.0987148E+00  2.0442E+03
1.1042084E+00  2.0183E+03
1.1097294E+00  1.9928E+03
1.1152781E+00  1.9676E+03
1.1208545E+00  1.9427E+03
1.1264587E+00  1.9182E+03
1.1320910E+00  1.8939E+03
1.1377515E+00  1.8700E+03
1.1434402E+00  1.8465E+03
1.1491574E+00  1.8232E+03
1.1549032E+00  1.8002E+03
1.1606777E+00  1.7773E+03
1.1664811E+00  1.7547E+03
1.1723135E+00  1.7325E+03
1.1781751E+00  1.7105E+03
1.1840660E+00  1.6888E+03
1.1899863E+00  1.6674E+03
1.1959362E+00  1.6463E+03
1.2019159E+00  1.6255E+03
1.2079255E+00  1.6049E+03
1.2139651E+00  1.5846E+03
1.2200350E+00  1.5646E+03
1.2261351E+00  1.5448E+03
1.2322658E+00  1.5253E+03
1.2384271E+00  1.5061E+03
1.2446193E+00  1.4871E+03
1.2508424E+00  1.4684E+03
1.2570966E+00  1.4499E+03
1.2633821E+00  1.4317E+03
1.2696990E+00  1.4136E+03
1.2760475E+00  1.3959E+03
1.2824277E+00  1.3783E+03
1.2888399E+00  1.3610E+03
1.2952840E+00  1.3440E+03
1.3017605E+00  1.3271E+03
1.3082693E+00  1.3105E+03
1.3148106E+00  1.2941E+03
1.3213847E+00  1.2779E+03
1.3279916E+00  1.2619E+03
1.3346316E+00  1.2461E+03
1.3413047E+00  1.2305E+03
1.3480112E+00  1.2151E+03
1.3547513E+00  1.2000E+03
1.3615250E+00  1.1850E+03
1.3683327E+00  1.1702E+03
1.3751743E+00  1.1556E+03
1.3820502E+00  1.1412E+03
1.3889605E+00  1.1270E+03
1.3959053E+00  1.1130E+03
1.4028848E+00  1.0992E+03
1.4098992E+00  1.0855E+03
1.4169487E+00  1.0720E+03
1.4240335E+00  1.0587E+03
1.4311536E+00  1.0456E+03
1.4383094E+00  1.0326E+03
1.4455009E+00  1.0198E+03
1.4527284E+00  1.0072E+03
1.4599921E+00  9.9472E+02
1.4672920E+00  9.8242E+02
1.4746285E+00  9.7027E+02
1.4820016E+00  9.5828E+02
1.4894117E+00  9.4644E+02
1.4968587E+00  9.3476E+02
1.5043430E+00  9.2323E+02
1.5118647E+00  9.1184E+02
1.5194240E+00  9.0060E+02
1.5270212E+00  8.8951E+02
1.5346563E+00  8.7856E+02
1.5423295E+00  8.6775E+02
1.5500412E+00  8.5708E+02
1.5577914E+00  8.4655E+02
1.5655804E+00  8.3615E+02
1.5734083E+00  8.2588E+02
1.5812753E+00  8.1575E+02
1.5891817E+00  8.0575E+02
1.5971276E+00  7.9587E+02
1.6051132E+00  7.8612E+02
1.6131388E+00  7.7650E+02
1.6212045E+00  7.6700E+02
1.6293105E+00  7.5762E+02
1.6374571E+00  7.4836E+02
1.6456443E+00  7.3922E+02
1.6538726E+00  7.3019E+02
1.6621419E+00  7.2128E+02
1.6704526E+00  7.1244E+02
1.6747007E+00  7.0783E+02
1.6750994E+00  3.4147E+03
1.6788049E+00  3.3950E+03
1.6871989E+00  3.3510E+03
1.6956349E+00  3.3075E+03
1.7041131E+00  3.2647E+03
1.7126337E+00  3.2224E+03
1.7211968E+00  3.1806E+03
1.7269841E+00  3.1528E+03
1.7274159E+00  4.4471E+03
1.7298028E+00  4.4312E+03
1.7384518E+00  4.3739E+03
1.7471441E+00  4.3174E+03
1.7558798E+00  4.2617E+03
1.7646592E+00  4.2067E+03
1.7734825E+00  4.1524E+03
1.7823499E+00  4.0988E+03
1.7912617E+00  4.0459E+03
1.8002180E+00  3.9937E+03
1.8092191E+00  3.9421E+03
1.8182652E+00  3.8913E+03
1.8273565E+00  3.8411E+03
1.8364933E+00  3.7915E+03
1.8456757E+00  3.7426E+03
1.8549041E+00  3.6944E+03
1.8641786E+00  3.6467E+03
1.8734995E+00  3.5997E+03
1.8828670E+00  3.5533E+03
1.8922814E+00  3.5075E+03
1.9017428E+00  3.4623E+03
1.9112515E+00  3.4177E+03
1.9194747E+00  3.3798E+03
1.9208077E+00  3.3737E+03
1.9225253E+00  3.8702E+03
1.9304118E+00  3.8303E+03
1.9400638E+00  3.7824E+03
1.9497642E+00  3.7350E+03
1.9595130E+00  3.6882E+03
1.9693105E+00  3.6421E+03
1.9791571E+00  3.5965E+03
1.9890529E+00  3.5515E+03
1.9989981E+00  3.5070E+03
2.0089931E+00  3.4632E+03
2.0190381E+00  3.4201E+03
2.0291333E+00  3.3779E+03
2.0392790E+00  3.3363E+03
2.0494754E+00  3.2953E+03
2.0597227E+00  3.2548E+03
2.0700213E+00  3.2149E+03
2.0803714E+00  3.1755E+03
2.0907733E+00  3.1367E+03
2.1012272E+00  3.0983E+03
2.1117333E+00  3.0605E+03
2.1222920E+00  3.0231E+03
2.1329034E+00  2.9863E+03
2.1435680E+00  2.9499E+03
2.1542858E+00  2.9140E+03
2.1650572E+00  2.8786E+03
2.1758825E+00  2.8436E+03
2.1867619E+00  2.8087E+03
2.1976957E+00  2.7742E+03
2.2086842E+00  2.7402E+03
2.2197276E+00  2.7066E+03
2.2308263E+00  2.6734E+03
2.2419804E+00  2.6407E+03
2.2531903E+00  2.6082E+03
2.2644562E+00  2.5760E+03
2.2757785E+00  2.5443E+03
2.2871574E+00  2.5129E+03
2.2985932E+00  2.4820E+03
2.3100862E+00  2.4514E+03
2.3216366E+00  2.4212E+03
2.3332448E+00  2.3914E+03
2.3449110E+00  2.3620E+03
2.3566356E+00  2.3329E+03
2.3684187E+00  2.3042E+03
2.3802608E+00  2.2758E+03
2.3921621E+00  2.2478E+03
2.4041230E+00  2.2201E+03
2.4161436E+00  2.1928E+03
2.4282243E+00  2.1658E+03
2.4403654E+00  2.1391E+03
2.4525672E+00  2.1128E+03
2.4648301E+00  2.0868E+03
2.4771542E+00  2.0611E+03
2.4895400E+00  2.0357E+03
2.5019877E+00  2.0106E+03
2.5144976E+00  1.9856E+03
2.5270701E+00  1.9609E+03
2.5397055E+00  1.9366E+03
2.5524040E+00  1.9125E+03
2.5651660E+00  1.8887E+03
2.5779919E+00  1.8653E+03
2.5908818E+00  1.8421E+03
2.6038362E+00  1.8192E+03
2.6168554E+00  1.7966E+03
2.6299397E+00  1.7742E+03
2.6430894E+00  1.7522E+03
2.6563048E+00  1.7304E+03
2.6695863E+00  1.7088E+03
2.6829343E+00  1.6876E+03
2.6963489E+00  1.6666E+03
2.7098307E+00  1.6459E+03
2.7233798E+00  1.6254E+03
2.7369967E+00  1.6052E+03
2.7506817E+00  1.5852E+03
2.7644351E+00  1.5655E+03
2.7782573E+00  1.5460E+03
2.7921486E+00  1.5268E+03
2.8061093E+00  1.5078E+03
2.8201399E+00  1.4891E+03
2.8342406E+00  1.4706E+03
2.8484118E+00  1.4523E+03
2.8626539E+00  1.4342E+03
2.8769671E+00  1.4164E+03
2.8913520E+00  1.3988E+03
2.9058087E+00  1.3815E+03
2.9203378E+00  1.3643E+03
2.9349394E+00  1.3474E+03
2.9496141E+00  1.3306E+03
2.9643622E+00  1.3141E+03
2.9791840E+00  1.2978E+03
2.9940799E+00  1.2817E+03
3.0090503E+00  1.2654E+03
3.0240956E+00  1.2490E+03
3.0392161E+00  1.2328E+03
3.0544122E+00  1.2168E+03
3.0696842E+00  1.2010E+03
3.0850326E+00  1.1855E+03
3.1004578E+00  1.1701E+03
3.1159601E+00  1.1549E+03
3.1315399E+00  1.1400E+03
3.1471976E+00  1.1252E+03
3.1629336E+00  1.1106E+03
3.1787482E+00  1.0963E+03
3.1946420E+00  1.0821E+03
3.2106152E+00  1.0681E+03
3.2266683E+00  1.0542E+03
3.2428016E+00  1.0406E+03
3.2590156E+00  1.0271E+03
3.2753107E+00  1.0139E+03
3.2916873E+00  1.0007E+03
3.3081457E+00  9.8781E+02
3.3246864E+00  9.7504E+02
3.3413099E+00  9.6244E+02
3.3580164E+00  9.4984E+02
3.3748065E+00  9.3721E+02
3.3916805E+00  9.2476E+02
3.4086389E+00  9.1249E+02
3.4256821E+00  9.0038E+02
3.4428105E+00  8.8843E+02
3.4600246E+00  8.7659E+02
3.4773247E+00  8.6479E+02
3.4947113E+00  8.5315E+02
3.5121849E+00  8.4168E+02
3.5297458E+00  8.3037E+02
3.5473945E+00  8.1921E+02
3.5651315E+00  8.0821E+02
3.5829572E+00  7.9736E+02
3.6008719E+00  7.8666E+02
3.6188763E+00  7.7611E+02
3.6369707E+00  7.6571E+02
3.6551555E+00  7.5545E+02
3.6734313E+00  7.4534E+02
3.6917985E+00  7.3536E+02
3.7102575E+00  7.2552E+02
3.7288088E+00  7.1582E+02
3.7474528E+00  7.0626E+02
3.7661901E+00  6.9682E+02
3.7850210E+00  6.8752E+02
3.8039461E+00  6.7835E+02
3.8229659E+00  6.6930E+02
3.8420807E+00  6.6037E+02
3.8612911E+00  6.5140E+02
3.8805975E+00  6.4255E+02
3.9000005E+00  6.3382E+02
3.9195005E+00  6.2521E+02
3.9390980E+00  6.1673E+02
3.9587935E+00  6.0836E+02
3.9785875E+00  6.0011E+02
3.9984804E+00  5.9197E+02