La (Z = 57) Atomic weight: Ar = 138.9055 g mol-1   Nominal density:   ? (g cm-3) = 6.1270
sigma(barns/atom) = [mue/rho](cm2 g-1)  ×  2.30658E+02
E(eV) [mue/rho](cm2 g-1) = f2(e atom-1)  ×  3.02942E+05
17 edges. Edge energies (keV):
K      3.89246E+01  
L I    6.26630E+00  
L II   5.89060E+00  
L III  5.48270E+00 
M I    1.36130E+00  
M II   1.20440E+00  
M III  1.12340E+00  
M IV   8.48500E-01 
M V    8.31700E-01  
N I    2.70400E-01  
N II   2.05800E-01  
N III  1.91400E-01 
N IV   9.89000E-02  
N V    9.89000E-02  
O I    3.23000E-02  
O II   1.44000E-02 
O III  1.44000E-02 
Data
E/keV            [mue/rho]Photoelectric/cm2g-1
1.447200E-02  1.7789E+05
1.468800E-02  1.7190E+05
1.492335E-02  1.6569E+05
1.595306E-02  1.4198E+05
1.705382E-02  1.1992E+05
1.823053E-02  9.9244E+04
1.948844E-02  8.0886E+04
2.083314E-02  6.5208E+04
2.227063E-02  5.2195E+04
2.380730E-02  4.1616E+04
2.545001E-02  3.3142E+04
2.720606E-02  2.6424E+04
2.908327E-02  2.1132E+04
3.109002E-02  1.6978E+04
3.165400E-02  1.6021E+04
3.213850E-02  1.5260E+04
3.226770E-02  1.5066E+04
3.246150E-02  1.5071E+04
3.294600E-02  1.4404E+04
3.323523E-02  1.4027E+04
3.552846E-02  1.1523E+04
3.797993E-02  9.5679E+03
4.060054E-02  8.0344E+03
4.340198E-02  6.8254E+03
4.639671E-02  5.8660E+03
4.959809E-02  5.0985E+03
5.302035E-02  4.4787E+03
5.667876E-02  3.9726E+03
6.058959E-02  3.5556E+03
6.477028E-02  3.2095E+03
6.923942E-02  2.9177E+03
7.401695E-02  2.6680E+03
7.912411E-02  2.4511E+03
8.458368E-02  2.2604E+03
9.041995E-02  2.0904E+03
9.665893E-02  1.9375E+03
9.692200E-02  1.9316E+03
9.840550E-02  1.8990E+03
9.880110E-02  1.8905E+03
9.939450E-02  7.3550E+04
1.008780E-01  5.9572E+04
1.033284E-01  4.2453E+04
1.104581E-01  1.7115E+04
1.180797E-01  8.6181E+03
1.262272E-01  5.4993E+03
1.349368E-01  4.1318E+03
1.442475E-01  3.4582E+03
1.542005E-01  3.1118E+03
1.648404E-01  2.9465E+03
1.762144E-01  2.8971E+03
1.875720E-01  2.9263E+03
1.883732E-01  2.9305E+03
1.904430E-01  2.9424E+03
1.912086E-01  2.9472E+03
1.923570E-01  4.4495E+03
1.952280E-01  4.4650E+03
2.013709E-01  4.5060E+03
2.016840E-01  4.5084E+03
2.047710E-01  4.5325E+03
2.055942E-01  4.5393E+03
2.068290E-01  5.0288E+03
2.099160E-01  5.0549E+03
2.152655E-01  5.1032E+03
2.301188E-01  5.2463E+03
2.459970E-01  5.3981E+03
2.629708E-01  5.5409E+03
2.649920E-01  5.5560E+03
2.690480E-01  5.5846E+03
2.701296E-01  5.5920E+03
2.717520E-01  6.1769E+03
2.758080E-01  6.1972E+03
2.811158E-01  6.2206E+03
3.005128E-01  6.2737E+03
3.212482E-01  6.2705E+03
3.434143E-01  6.2024E+03
3.671099E-01  6.0676E+03
3.924405E-01  5.8693E+03
4.195189E-01  5.6112E+03
4.484657E-01  5.3003E+03
4.794098E-01  4.9530E+03
5.124891E-01  4.5849E+03
5.478508E-01  4.2099E+03
5.856525E-01  3.8391E+03
6.260625E-01  3.4811E+03
6.692609E-01  3.1415E+03
7.154399E-01  2.8243E+03
7.648052E-01  2.5315E+03
8.150660E-01  2.2751E+03
8.175768E-01  2.2632E+03
8.275415E-01  2.2172E+03
8.315300E-01  2.1991E+03
8.358585E-01  9.1353E+03
8.442575E-01  8.9186E+03
8.476515E-01  8.8331E+03
8.483340E-01  8.8160E+03
8.527425E-01  1.3211E+04
8.654700E-01  1.2737E+04
8.739896E-01  1.2433E+04
9.342948E-01  1.0550E+04
9.987612E-01  8.9923E+03
1.067676E+00  7.6527E+03
1.100932E+00  7.1076E+03
1.117783E+00  6.8525E+03
1.122277E+00  6.7867E+03
1.129017E+00  7.8015E+03
1.141345E+00  7.5930E+03
1.145868E+00  7.5185E+03
1.180312E+00  6.9851E+03
1.198378E+00  6.7407E+03
1.203196E+00  6.6780E+03
1.210422E+00  7.0323E+03
1.220098E+00  6.9008E+03
1.228488E+00  6.7900E+03
1.304285E+00  5.9252E+03
1.334074E+00  5.6411E+03
1.354493E+00  5.4599E+03
1.359939E+00  5.4133E+03
1.368106E+00  5.5983E+03
1.388526E+00  5.4276E+03
1.394281E+00  5.3811E+03
1.490486E+00  4.6432E+03
1.593329E+00  3.9849E+03
1.703269E+00  3.4118E+03
1.820795E+00  2.9186E+03
1.946430E+00  2.4916E+03
2.080733E+00  2.1266E+03
2.224304E+00  1.8169E+03
2.377781E+00  1.5506E+03
2.541848E+00  1.3228E+03
2.717235E+00  1.1295E+03
2.904724E+00  9.6516E+02
3.105150E+00  8.1870E+02
3.319406E+00  6.8986E+02
3.548445E+00  5.7863E+02
3.793288E+00  4.8542E+02
4.055024E+00  4.0781E+02
4.334821E+00  3.4322E+02
4.633924E+00  2.8939E+02
4.953664E+00  2.4411E+02
5.295467E+00  2.0523E+02
5.373046E+00  1.9754E+02
5.455286E+00  1.8983E+02
5.477217E+00  1.8785E+02
5.510113E+00  5.7051E+02
5.592354E+00  5.4739E+02
5.660855E+00  5.2911E+02
5.772788E+00  5.0109E+02
5.861147E+00  4.8077E+02
5.884710E+00  4.7555E+02
5.920053E+00  6.4732E+02
6.008412E+00  6.2157E+02
6.051453E+00  6.0955E+02
6.140974E+00  5.8559E+02
6.234969E+00  5.6197E+02
6.260034E+00  5.5593E+02
6.297632E+00  6.3282E+02
6.391626E+00  6.0959E+02
6.469004E+00  5.9140E+02
6.915365E+00  4.9982E+02
7.392525E+00  4.2176E+02
7.902609E+00  3.5525E+02
8.447890E+00  2.9902E+02
9.030794E+00  2.5127E+02
9.653919E+00  2.0985E+02
1.032004E+01  1.7541E+02
1.103212E+01  1.4670E+02
1.179334E+01  1.2234E+02
1.260708E+01  1.0183E+02
1.347697E+01  8.4567E+01
1.440688E+01  7.0288E+01
1.540095E+01  5.8469E+01
1.646362E+01  4.8671E+01
1.759961E+01  4.0549E+01
1.881398E+01  3.3812E+01
2.011215E+01  2.8221E+01
2.149988E+01  2.3575E+01
2.298338E+01  1.9712E+01
2.456923E+01  1.6472E+01
2.626450E+01  1.3745E+01
2.807676E+01  1.1356E+01
3.001405E+01  9.3433E+00
3.208502E+01  7.6906E+00
3.429889E+01  6.3355E+00
3.666551E+01  5.2235E+00
3.814611E+01  4.6602E+00
3.872998E+01  4.4609E+00
3.888567E+01  4.4097E+00
3.911922E+01  2.6467E+01
3.919543E+01  2.6334E+01
3.970309E+01  2.5467E+01
4.189992E+01  2.2124E+01
4.479101E+01  1.8553E+01
4.788159E+01  1.5548E+01
5.118542E+01  1.3019E+01
5.471721E+01  1.0871E+01
5.849270E+01  9.0752E+00
6.252870E+01  7.5744E+00
6.684318E+01  6.3207E+00
7.145536E+01  5.2741E+00
7.638578E+01  4.4005E+00
8.165640E+01  3.6590E+00
8.729069E+01  3.0298E+00
9.331374E+01  2.5090E+00
9.975239E+01  2.0779E+00
1.066353E+02  1.7210E+00
1.139931E+02  1.4256E+00
1.218587E+02  1.1809E+00
1.302669E+02  9.7836E-01
1.392553E+02  8.1059E-01
1.488640E+02  6.7164E-01
1.591356E+02  5.5655E-01
1.701159E+02  4.6129E-01
1.818539E+02  3.8282E-01
1.944018E+02  3.1772E-01
2.078156E+02  2.6371E-01
2.221548E+02  2.1889E-01
2.374835E+02  1.8170E-01
2.538699E+02  1.5084E-01
2.713869E+02  1.2523E-01
2.901126E+02  1.0397E-01
3.101304E+02  8.6323E-02
3.315294E+02  7.1676E-02
3.544049E+02  5.9518E-02
3.788588E+02  4.9424E-02
4.050001E+02  4.1044E-02
4.329451E+02  3.4086E-02