Lu (Z = 71) Atomic weight: Ar = 174.9670 g mol-1   Nominal density:   ? (g cm-3) = 9.8110
sigma(barns/atom) = [mue/rho](cm2 g-1)  ×  2.90540E+02
E(eV) [mue/rho](cm2 g-1) = f2(e atom-1)  ×  2.40504E+05
19 edges. Edge energies (keV):
K      6.33138E+01  
L I    1.08704E+01  
L II   1.03486E+01  
L III  9.24410E+00 
M I    2.49120E+00  
M II   2.26350E+00  
M III  2.02360E+00  
M IV   1.63940E+00 
M V    1.58850E+00  
N I    5.06200E-01  
N II   4.10100E-01  
N III  3.59300E-01 
N IV   2.04800E-01  
N V    1.95000E-01  
N VI   6.90000E-03  
N VII  6.90000E-03 
O I    5.68000E-02  
O II   2.80000E-02  
O III  2.80000E-02 
Data
E/keV            [mue/rho]Photoelectric/cm2g-1
6.934500E-03  1.4520E+04
7.038000E-03  1.3954E+04
1.069000E-02  6.2595E+03
1.142761E-02  5.9328E+03
1.221612E-02  5.7172E+03
1.305903E-02  5.5933E+03
1.396010E-02  5.5478E+03
1.492335E-02  5.5713E+03
1.595306E-02  5.6577E+03
1.705382E-02  5.8030E+03
1.823053E-02  6.0050E+03
1.948844E-02  6.2628E+03
2.083314E-02  6.5761E+03
2.227063E-02  6.9456E+03
2.380730E-02  7.3724E+03
2.545001E-02  7.8576E+03
2.720606E-02  8.4025E+03
2.744000E-02  8.4768E+03
2.786000E-02  8.6111E+03
2.797200E-02  8.6470E+03
2.814000E-02  1.3546E+05
2.856000E-02  1.2962E+05
2.908327E-02  1.2286E+05
3.109002E-02  1.0127E+05
3.323523E-02  8.2827E+04
3.552846E-02  6.7202E+04
3.797993E-02  5.4709E+04
4.060054E-02  4.5144E+04
4.340198E-02  3.8072E+04
4.639671E-02  3.3006E+04
4.959809E-02  2.9490E+04
5.302035E-02  2.7143E+04
5.566400E-02  2.5990E+04
5.651600E-02  2.5708E+04
5.667876E-02  2.5659E+04
5.674320E-02  2.5640E+04
5.708400E-02  2.5725E+04
5.793600E-02  2.5503E+04
6.058959E-02  2.4991E+04
6.477028E-02  2.4589E+04
6.923942E-02  2.4502E+04
7.401695E-02  2.4631E+04
7.912411E-02  2.4898E+04
8.458368E-02  2.5249E+04
9.041995E-02  2.5638E+04
9.665893E-02  2.6034E+04
1.0000000E-01  2.6230E+04
1.0050000E-01  2.6258E+04
1.0100250E-01  2.6286E+04
1.0150751E-01  2.6314E+04
1.0201505E-01  2.6342E+04
1.0252513E-01  2.6369E+04
1.0303775E-01  2.6396E+04
1.0355294E-01  2.6424E+04
1.0407070E-01  2.6450E+04
1.0459106E-01  2.6477E+04
1.0511401E-01  2.6504E+04
1.0563958E-01  2.6530E+04
1.0616778E-01  2.6556E+04
1.0669862E-01  2.6582E+04
1.0723211E-01  2.6607E+04
1.0776827E-01  2.6633E+04
1.0830712E-01  2.6658E+04
1.0884865E-01  2.6682E+04
1.0939289E-01  2.6707E+04
1.0993986E-01  2.6731E+04
1.1048956E-01  2.6755E+04
1.1104201E-01  2.6779E+04
1.1159722E-01  2.6802E+04
1.1215520E-01  2.6825E+04
1.1271598E-01  2.6848E+04
1.1327956E-01  2.6871E+04
1.1384596E-01  2.6893E+04
1.1441519E-01  2.6915E+04
1.1498726E-01  2.6937E+04
1.1556220E-01  2.6958E+04
1.1614001E-01  2.6979E+04
1.1672071E-01  2.7000E+04
1.1730431E-01  2.7021E+04
1.1789083E-01  2.7041E+04
1.1848029E-01  2.7061E+04
1.1907269E-01  2.7080E+04
1.1966805E-01  2.7099E+04
1.2026639E-01  2.7118E+04
1.2086772E-01  2.7137E+04
1.2147206E-01  2.7155E+04
1.2207942E-01  2.7173E+04
1.2268982E-01  2.7190E+04
1.2330327E-01  2.7207E+04
1.2391979E-01  2.7224E+04
1.2453939E-01  2.7241E+04
1.2516208E-01  2.7257E+04
1.2578789E-01  2.7273E+04
1.2641683E-01  2.7288E+04
1.2704892E-01  2.7303E+04
1.2768416E-01  2.7318E+04
1.2832258E-01  2.7332E+04
1.2896419E-01  2.7346E+04
1.2960902E-01  2.7355E+04
1.3025706E-01  2.7276E+04
1.3090835E-01  2.7196E+04
1.3156289E-01  2.7116E+04
1.3222070E-01  2.7035E+04
1.3288181E-01  2.6953E+04
1.3354621E-01  2.6871E+04
1.3421395E-01  2.6789E+04
1.3488502E-01  2.6706E+04
1.3555944E-01  2.6622E+04
1.3623724E-01  2.6538E+04
1.3691842E-01  2.6453E+04
1.3760302E-01  2.6368E+04
1.3829103E-01  2.6282E+04
1.3898249E-01  2.6196E+04
1.3967740E-01  2.6109E+04
1.4037579E-01  2.6022E+04
1.4107766E-01  2.5934E+04
1.4178305E-01  2.5846E+04
1.4249197E-01  2.5757E+04
1.4320443E-01  2.5668E+04
1.4392045E-01  2.5578E+04
1.4464005E-01  2.5488E+04
1.4536325E-01  2.5397E+04
1.4609007E-01  2.5306E+04
1.4682052E-01  2.5215E+04
1.4755462E-01  2.5123E+04
1.4829239E-01  2.5030E+04
1.4903386E-01  2.4937E+04
1.4977903E-01  2.4844E+04
1.5052792E-01  2.4751E+04
1.5128056E-01  2.4657E+04
1.5203696E-01  2.4562E+04
1.5279715E-01  2.4467E+04
1.5356113E-01  2.4372E+04
1.5432894E-01  2.4277E+04
1.5510058E-01  2.4181E+04
1.5587609E-01  2.4084E+04
1.5665547E-01  2.3988E+04
1.5743875E-01  2.3891E+04
1.5822594E-01  2.3793E+04
1.5901707E-01  2.3696E+04
1.5981215E-01  2.3598E+04
1.6061121E-01  2.3500E+04
1.6141427E-01  2.3401E+04
1.6222134E-01  2.3302E+04
1.6303245E-01  2.3203E+04
1.6384761E-01  2.3104E+04
1.6466685E-01  2.3004E+04
1.6549018E-01  2.2904E+04
1.6631763E-01  2.2804E+04
1.6714922E-01  2.2703E+04
1.6798497E-01  2.2603E+04
1.6882489E-01  2.2502E+04
1.6966902E-01  2.2401E+04
1.7051736E-01  2.2299E+04
1.7136995E-01  2.2198E+04
1.7222680E-01  2.2096E+04
1.7308793E-01  2.1994E+04
1.7395337E-01  2.1892E+04
1.7482314E-01  2.1789E+04
1.7569726E-01  2.1687E+04
1.7657574E-01  2.1584E+04
1.7745862E-01  2.1481E+04
1.7834591E-01  2.1378E+04
1.7923764E-01  2.1275E+04
1.8013383E-01  2.1172E+04
1.8103450E-01  2.1068E+04
1.8193967E-01  2.0965E+04
1.8284937E-01  2.0861E+04
1.8376362E-01  2.0757E+04
1.8468244E-01  2.0654E+04
1.8560585E-01  2.0550E+04
1.8653388E-01  2.0446E+04
1.8746655E-01  2.0342E+04
1.8840388E-01  2.0237E+04
1.8934590E-01  2.0133E+04
1.9029263E-01  2.0029E+04
1.9124409E-01  1.9925E+04
1.9220031E-01  1.9820E+04
1.9316131E-01  1.9716E+04
1.9412712E-01  1.9612E+04
1.9485647E-01  1.9533E+04
1.9509776E-01  2.4710E+04
1.9514351E-01  2.4695E+04
1.9607325E-01  2.4380E+04
1.9705361E-01  2.4060E+04
1.9803888E-01  2.3749E+04
1.9902907E-01  2.3447E+04
2.0002422E-01  2.3153E+04
2.0102434E-01  2.2868E+04
2.0202946E-01  2.2591E+04
2.0303961E-01  2.2321E+04
2.0405481E-01  2.2058E+04
2.0462018E-01  2.1916E+04
2.0497981E-01  2.5183E+04
2.0507508E-01  2.5145E+04
2.0610046E-01  2.4752E+04
2.0713096E-01  2.4371E+04
2.0816661E-01  2.4002E+04
2.0920745E-01  2.3644E+04
2.1025348E-01  2.3298E+04
2.1130475E-01  2.2962E+04
2.1236128E-01  2.2637E+04
2.1342308E-01  2.2321E+04
2.1449020E-01  2.2014E+04
2.1556265E-01  2.1717E+04
2.1664046E-01  2.1432E+04
2.1772366E-01  2.1156E+04
2.1881228E-01  2.0890E+04
2.1990634E-01  2.0633E+04
2.2100588E-01  2.0385E+04
2.2211090E-01  2.0145E+04
2.2322146E-01  1.9912E+04
2.2433757E-01  1.9686E+04
2.2545925E-01  1.9466E+04
2.2658655E-01  1.9254E+04
2.2771948E-01  1.9049E+04
2.2885808E-01  1.8852E+04
2.3000237E-01  1.8660E+04
2.3115238E-01  1.8475E+04
2.3230814E-01  1.8295E+04
2.3346969E-01  1.8120E+04
2.3463703E-01  1.7950E+04
2.3581022E-01  1.7784E+04
2.3698927E-01  1.7623E+04
2.3817422E-01  1.7466E+04
2.3936509E-01  1.7312E+04
2.4056191E-01  1.7162E+04
2.4176472E-01  1.7015E+04
2.4297355E-01  1.6871E+04
2.4418841E-01  1.6730E+04
2.4540936E-01  1.6591E+04
2.4663640E-01  1.6456E+04
2.4786959E-01  1.6322E+04
2.4910893E-01  1.6191E+04
2.5035448E-01  1.6063E+04
2.5160625E-01  1.5936E+04
2.5286428E-01  1.5811E+04
2.5412860E-01  1.5688E+04
2.5539925E-01  1.5568E+04
2.5667624E-01  1.5448E+04
2.5795962E-01  1.5331E+04
2.5924942E-01  1.5215E+04
2.6054567E-01  1.5100E+04
2.6184840E-01  1.4987E+04
2.6315764E-01  1.4876E+04
2.6447343E-01  1.4766E+04
2.6579579E-01  1.4657E+04
2.6712477E-01  1.4549E+04
2.6846040E-01  1.4443E+04
2.6980270E-01  1.4338E+04
2.7115171E-01  1.4234E+04
2.7250747E-01  1.4131E+04
2.7387001E-01  1.4029E+04
2.7523936E-01  1.3928E+04
2.7661556E-01  1.3829E+04
2.7799863E-01  1.3730E+04
2.7938863E-01  1.3632E+04
2.8078557E-01  1.3536E+04
2.8218950E-01  1.3440E+04
2.8360044E-01  1.3345E+04
2.8501845E-01  1.3251E+04
2.8644354E-01  1.3158E+04
2.8787576E-01  1.3066E+04
2.8931514E-01  1.2975E+04
2.9076171E-01  1.2884E+04
2.9221552E-01  1.2795E+04
2.9367660E-01  1.2706E+04
2.9514498E-01  1.2618E+04
2.9662071E-01  1.2530E+04
2.9810381E-01  1.2444E+04
2.9959433E-01  1.2358E+04
3.0109230E-01  1.2273E+04
3.0259776E-01  1.2189E+04
3.0411075E-01  1.2106E+04
3.0563130E-01  1.2023E+04
3.0715946E-01  1.1941E+04
3.0869526E-01  1.1860E+04
3.1023873E-01  1.1779E+04
3.1178993E-01  1.1699E+04
3.1334888E-01  1.1620E+04
3.1491562E-01  1.1542E+04
3.1649020E-01  1.1464E+04
3.1807265E-01  1.1387E+04
3.1966301E-01  1.1310E+04
3.2126133E-01  1.1234E+04
3.2286764E-01  1.1159E+04
3.2448197E-01  1.1085E+04
3.2610438E-01  1.1011E+04
3.2773491E-01  1.0938E+04
3.2937358E-01  1.0865E+04
3.3102045E-01  1.0793E+04
3.3267555E-01  1.0722E+04
3.3433893E-01  1.0651E+04
3.3601062E-01  1.0581E+04
3.3769068E-01  1.0511E+04
3.3937913E-01  1.0442E+04
3.4107602E-01  1.0374E+04
3.4278140E-01  1.0306E+04
3.4449531E-01  1.0239E+04
3.4621779E-01  1.0173E+04
3.4794888E-01  1.0107E+04
3.4968862E-01  1.0041E+04
3.5143706E-01  9.9763E+03
3.5319425E-01  9.9121E+03
3.5496022E-01  9.8483E+03
3.5673502E-01  9.7852E+03
3.5851870E-01  9.7226E+03
3.5885446E-01  9.7109E+03
3.5974552E-01  1.0533E+04
3.6031129E-01  1.0513E+04
3.6211285E-01  1.0450E+04
3.6392341E-01  1.0387E+04
3.6574303E-01  1.0325E+04
3.6757174E-01  1.0264E+04
3.6940960E-01  1.0203E+04
3.7125665E-01  1.0142E+04
3.7311293E-01  1.0082E+04
3.7497850E-01  1.0023E+04
3.7685339E-01  9.9635E+03
3.7873766E-01  9.9050E+03
3.8063135E-01  9.8470E+03
3.8253450E-01  9.7894E+03
3.8444718E-01  9.7324E+03
3.8636941E-01  9.6758E+03
3.8830126E-01  9.6197E+03
3.9024276E-01  9.5640E+03
3.9219398E-01  9.5088E+03
3.9415495E-01  9.4541E+03
3.9612572E-01  9.3998E+03
3.9810635E-01  9.3459E+03
4.0009688E-01  9.2925E+03
4.0209737E-01  9.2395E+03
4.0410785E-01  9.1869E+03
4.0612839E-01  9.1347E+03
4.0815904E-01  9.0829E+03
4.0952587E-01  9.0484E+03
4.1019983E-01  9.2279E+03
4.1067415E-01  9.2160E+03
4.1225083E-01  9.1768E+03
4.1431208E-01  9.1262E+03
4.1638364E-01  9.0760E+03
4.1846556E-01  9.0261E+03
4.2055789E-01  8.9766E+03
4.2266068E-01  8.9274E+03
4.2477398E-01  8.8786E+03
4.2689785E-01  8.8301E+03
4.2903234E-01  8.7820E+03
4.3117750E-01  8.7343E+03
4.3333339E-01  8.6868E+03
4.3550006E-01  8.6397E+03
4.3767756E-01  8.5929E+03
4.3986595E-01  8.5464E+03
4.4206528E-01  8.5002E+03
4.4427560E-01  8.4544E+03
4.4649698E-01  8.4088E+03
4.4872947E-01  8.3635E+03
4.5097311E-01  8.3185E+03
4.5322798E-01  8.2738E+03
4.5549412E-01  8.2293E+03
4.5777159E-01  8.1851E+03
4.6006045E-01  8.1412E+03
4.6236075E-01  8.0976E+03
4.6467255E-01  8.0541E+03
4.6699592E-01  8.0110E+03
4.6933090E-01  7.9680E+03
4.7167755E-01  7.9253E+03
4.7403594E-01  7.8829E+03
4.7640612E-01  7.8406E+03
4.7878815E-01  7.7986E+03
4.8118209E-01  7.7568E+03
4.8358800E-01  7.7152E+03
4.8600594E-01  7.6738E+03
4.8843597E-01  7.6326E+03
4.9087815E-01  7.5916E+03
4.9333254E-01  7.5508E+03
4.9579920E-01  7.5101E+03
4.9827820E-01  7.4697E+03
5.0076959E-01  7.4294E+03
5.0327344E-01  7.3893E+03
5.0541541E-01  7.3553E+03
5.0578980E-01  7.3494E+03
5.0698463E-01  7.5780E+03
5.0831875E-01  7.5567E+03
5.1086035E-01  7.5163E+03
5.1341465E-01  7.4761E+03
5.1598172E-01  7.4360E+03
5.1856163E-01  7.3961E+03
5.2115444E-01  7.3564E+03
5.2376021E-01  7.3168E+03
5.2637901E-01  7.2773E+03
5.2901091E-01  7.2379E+03
5.3165596E-01  7.1987E+03
5.3431424E-01  7.1596E+03
5.3698581E-01  7.1207E+03
5.3967074E-01  7.0818E+03
5.4236910E-01  7.0431E+03
5.4508094E-01  7.0045E+03
5.4780635E-01  6.9660E+03
5.5054538E-01  6.9277E+03
5.5329810E-01  6.8894E+03
5.5606460E-01  6.8513E+03
5.5884492E-01  6.8132E+03
5.6163914E-01  6.7753E+03
5.6444734E-01  6.7374E+03
5.6726958E-01  6.6997E+03
5.7010592E-01  6.6620E+03
5.7295645E-01  6.6245E+03
5.7582123E-01  6.5870E+03
5.7870034E-01  6.5496E+03
5.8159384E-01  6.5123E+03
5.8450181E-01  6.4750E+03
5.8742432E-01  6.4379E+03
5.9036144E-01  6.4008E+03
5.9331325E-01  6.3638E+03
5.9627982E-01  6.3269E+03
5.9926122E-01  6.2901E+03
6.0225752E-01  6.2534E+03
6.0526881E-01  6.2167E+03
6.0829515E-01  6.1801E+03
6.1133663E-01  6.1436E+03
6.1439331E-01  6.1072E+03
6.1746528E-01  6.0709E+03
6.2055260E-01  6.0346E+03
6.2365537E-01  5.9984E+03
6.2677364E-01  5.9623E+03
6.2990751E-01  5.9262E+03
6.3305705E-01  5.8903E+03
6.3622234E-01  5.8544E+03
6.3940345E-01  5.8186E+03
6.4260046E-01  5.7829E+03
6.4581347E-01  5.7472E+03
6.4904253E-01  5.7117E+03
6.5228775E-01  5.6762E+03
6.5554919E-01  5.6408E+03
6.5882693E-01  5.6055E+03
6.6212107E-01  5.5702E+03
6.6543167E-01  5.5351E+03
6.6875883E-01  5.5000E+03
6.7210262E-01  5.4650E+03
6.7546314E-01  5.4301E+03
6.7884045E-01  5.3953E+03
6.8223466E-01  5.3606E+03
6.8564583E-01  5.3259E+03
6.8907406E-01  5.2914E+03
6.9251943E-01  5.2569E+03
6.9598202E-01  5.2224E+03
6.9946194E-01  5.1880E+03
7.0295924E-01  5.1536E+03
7.0647404E-01  5.1193E+03
7.1000641E-01  5.0852E+03
7.1355644E-01  5.0511E+03
7.1712423E-01  5.0171E+03
7.2070985E-01  4.9832E+03
7.2431340E-01  4.9494E+03
7.2793496E-01  4.9157E+03
7.3157464E-01  4.8821E+03
7.3523251E-01  4.8486E+03
7.3890867E-01  4.8152E+03
7.4260322E-01  4.7820E+03
7.4631623E-01  4.7488E+03
7.5004781E-01  4.7157E+03
7.5379805E-01  4.6828E+03
7.5756704E-01  4.6499E+03
7.6135488E-01  4.6172E+03
7.6516165E-01  4.5846E+03
7.6898746E-01  4.5520E+03
7.7283240E-01  4.5197E+03
7.7669656E-01  4.4874E+03
7.8058004E-01  4.4552E+03
7.8448294E-01  4.4232E+03
7.8840536E-01  4.3912E+03
7.9234738E-01  4.3594E+03
7.9630912E-01  4.3276E+03
8.0029067E-01  4.2960E+03
8.0429212E-01  4.2645E+03
8.0831358E-01  4.2331E+03
8.1235515E-01  4.2019E+03
8.1641693E-01  4.1707E+03
8.2049901E-01  4.1397E+03
8.2460150E-01  4.1088E+03
8.2872451E-01  4.0780E+03
8.3286813E-01  4.0473E+03
8.3703248E-01  4.0168E+03
8.4121764E-01  3.9864E+03
8.4542373E-01  3.9561E+03
8.4965084E-01  3.9260E+03
8.5389910E-01  3.8960E+03
8.5816859E-01  3.8661E+03
8.6245944E-01  3.8363E+03
8.6677173E-01  3.8066E+03
8.7110559E-01  3.7771E+03
8.7546112E-01  3.7477E+03
8.7983843E-01  3.7185E+03
8.8423762E-01  3.6894E+03
8.8865881E-01  3.6605E+03
8.9310210E-01  3.6318E+03
8.9756761E-01  3.6032E+03
9.0205545E-01  3.5748E+03
9.0656573E-01  3.5465E+03
9.1109856E-01  3.5184E+03
9.1565405E-01  3.4905E+03
9.2023232E-01  3.4628E+03
9.2483348E-01  3.4352E+03
9.2945765E-01  3.4078E+03
9.3410494E-01  3.3806E+03
9.3877546E-01  3.3535E+03
9.4346934E-01  3.3266E+03
9.4818668E-01  3.2999E+03
9.5292762E-01  3.2734E+03
9.5769226E-01  3.2470E+03
9.6248072E-01  3.2209E+03
9.6729312E-01  3.1949E+03
9.7212959E-01  3.1691E+03
9.7699023E-01  3.1435E+03
9.8187519E-01  3.1180E+03
9.8678456E-01  3.0928E+03
9.9171848E-01  3.0677E+03
9.9667708E-01  3.0428E+03
1.0016605E+00  3.0148E+03
1.0066688E+00  2.9803E+03
1.0117021E+00  2.9463E+03
1.0167606E+00  2.9128E+03
1.0218444E+00  2.8796E+03
1.0269536E+00  2.8469E+03
1.0320884E+00  2.8146E+03
1.0372489E+00  2.7826E+03
1.0424351E+00  2.7511E+03
1.0476473E+00  2.7200E+03
1.0528855E+00  2.6892E+03
1.0581499E+00  2.6589E+03
1.0634407E+00  2.6289E+03
1.0687579E+00  2.5993E+03
1.0741017E+00  2.5700E+03
1.0794722E+00  2.5411E+03
1.0848695E+00  2.5126E+03
1.0902939E+00  2.4844E+03
1.0957454E+00  2.4565E+03
1.1012241E+00  2.4290E+03
1.1067302E+00  2.4019E+03
1.1122639E+00  2.3751E+03
1.1178252E+00  2.3486E+03
1.1234143E+00  2.3224E+03
1.1290314E+00  2.2965E+03
1.1346765E+00  2.2710E+03
1.1403499E+00  2.2458E+03
1.1460517E+00  2.2209E+03
1.1517819E+00  2.1963E+03
1.1575408E+00  2.1720E+03
1.1633285E+00  2.1479E+03
1.1691452E+00  2.1242E+03
1.1749909E+00  2.1008E+03
1.1808659E+00  2.0776E+03
1.1867702E+00  2.0548E+03
1.1927040E+00  2.0322E+03
1.1986676E+00  2.0099E+03
1.2046609E+00  1.9878E+03
1.2106842E+00  1.9660E+03
1.2167376E+00  1.9445E+03
1.2228213E+00  1.9233E+03
1.2289354E+00  1.9023E+03
1.2350801E+00  1.8815E+03
1.2412555E+00  1.8610E+03
1.2474618E+00  1.8407E+03
1.2536991E+00  1.8207E+03
1.2599676E+00  1.8010E+03
1.2662674E+00  1.7814E+03
1.2725988E+00  1.7621E+03
1.2789618E+00  1.7430E+03
1.2853566E+00  1.7242E+03
1.2917833E+00  1.7056E+03
1.2982423E+00  1.6872E+03
1.3047335E+00  1.6690E+03
1.3112571E+00  1.6510E+03
1.3178134E+00  1.6333E+03
1.3244025E+00  1.6157E+03
1.3310245E+00  1.5984E+03
1.3376796E+00  1.5813E+03
1.3443680E+00  1.5643E+03
1.3510899E+00  1.5476E+03
1.3578453E+00  1.5311E+03
1.3646345E+00  1.5147E+03
1.3714577E+00  1.4986E+03
1.3783150E+00  1.4826E+03
1.3852066E+00  1.4669E+03
1.3921326E+00  1.4513E+03
1.3990933E+00  1.4359E+03
1.4060887E+00  1.4207E+03
1.4131192E+00  1.4056E+03
1.4201848E+00  1.3908E+03
1.4272857E+00  1.3761E+03
1.4344221E+00  1.3616E+03
1.4415942E+00  1.3470E+03
1.4488022E+00  1.3326E+03
1.4560462E+00  1.3183E+03
1.4633265E+00  1.3042E+03
1.4706431E+00  1.2902E+03
1.4779963E+00  1.2764E+03
1.4853863E+00  1.2628E+03
1.4928132E+00  1.2493E+03
1.5002773E+00  1.2360E+03
1.5077787E+00  1.2228E+03
1.5153176E+00  1.2098E+03
1.5228942E+00  1.1970E+03
1.5305086E+00  1.1843E+03
1.5381612E+00  1.1717E+03
1.5458520E+00  1.1593E+03
1.5535812E+00  1.1471E+03
1.5613491E+00  1.1349E+03
1.5691559E+00  1.1230E+03
1.5770017E+00  1.1111E+03
1.5848867E+00  1.0994E+03
1.5882395E+00  1.0945E+03
1.5887605E+00  3.9860E+03
1.5928111E+00  3.9607E+03
1.6007752E+00  3.9115E+03
1.6087790E+00  3.8629E+03
1.6168229E+00  3.8149E+03
1.6249070E+00  3.7676E+03
1.6330316E+00  3.7208E+03
1.6388836E+00  3.6877E+03
1.6399164E+00  5.5157E+03
1.6411967E+00  5.5048E+03
1.6494027E+00  5.4357E+03
1.6576497E+00  5.3674E+03
1.6659380E+00  5.3000E+03
1.6742677E+00  5.2335E+03
1.6826390E+00  5.1678E+03
1.6910522E+00  5.1030E+03
1.6995075E+00  5.0389E+03
1.7080050E+00  4.9757E+03
1.7165450E+00  4.9133E+03
1.7251278E+00  4.8518E+03
1.7337534E+00  4.7909E+03
1.7424222E+00  4.7309E+03
1.7511343E+00  4.6716E+03
1.7598899E+00  4.6131E+03
1.7686894E+00  4.5554E+03
1.7775328E+00  4.4983E+03
1.7864205E+00  4.4420E+03
1.7953526E+00  4.3864E+03
1.8043294E+00  4.3315E+03
1.8133510E+00  4.2774E+03
1.8224178E+00  4.2239E+03
1.8315299E+00  4.1711E+03
1.8406875E+00  4.1189E+03
1.8498909E+00  4.0674E+03
1.8591404E+00  4.0166E+03
1.8684361E+00  3.9665E+03
1.8777783E+00  3.9169E+03
1.8871672E+00  3.8680E+03
1.8966030E+00  3.8197E+03
1.9060860E+00  3.7721E+03
1.9156165E+00  3.7250E+03
1.9251945E+00  3.6785E+03
1.9348205E+00  3.6326E+03
1.9444946E+00  3.5873E+03
1.9542171E+00  3.5426E+03
1.9639882E+00  3.4985E+03
1.9738081E+00  3.4549E+03
1.9836772E+00  3.4118E+03
1.9935955E+00  3.3694E+03
2.0035635E+00  3.3274E+03
2.0135813E+00  3.2860E+03
2.0213134E+00  3.2545E+03
2.0236492E+00  3.8198E+03
2.0258868E+00  3.8085E+03
2.0337675E+00  3.7691E+03
2.0439363E+00  3.7192E+03
2.0541560E+00  3.6699E+03
2.0644268E+00  3.6213E+03
2.0747489E+00  3.5730E+03
2.0851227E+00  3.5254E+03
2.0955483E+00  3.4784E+03
2.1060260E+00  3.4321E+03
2.1165562E+00  3.3863E+03
2.1271389E+00  3.3423E+03
2.1377746E+00  3.3006E+03
2.1484635E+00  3.2595E+03
2.1592058E+00  3.2191E+03
2.1700018E+00  3.1794E+03
2.1808519E+00  3.1403E+03
2.1917561E+00  3.1018E+03
2.2027149E+00  3.0639E+03
2.2137285E+00  3.0266E+03
2.2247971E+00  2.9899E+03
2.2359211E+00  2.9538E+03
2.2471007E+00  2.9182E+03
2.2583362E+00  2.8831E+03
2.2608064E+00  2.8755E+03
2.2661935E+00  3.0623E+03
2.2696279E+00  3.0507E+03
2.2809760E+00  3.0128E+03
2.2923809E+00  2.9755E+03
2.3038428E+00  2.9387E+03
2.3153620E+00  2.9025E+03
2.3269388E+00  2.8668E+03
2.3385735E+00  2.8316E+03
2.3502664E+00  2.7969E+03
2.3620177E+00  2.7627E+03
2.3738278E+00  2.7289E+03
2.3856970E+00  2.6969E+03
2.3976254E+00  2.6654E+03
2.4096136E+00  2.6345E+03
2.4216616E+00  2.6040E+03
2.4337699E+00  2.5739E+03
2.4459388E+00  2.5443E+03
2.4581685E+00  2.5152E+03
2.4704593E+00  2.4864E+03
2.4828116E+00  2.4581E+03
2.4861428E+00  2.4505E+03
2.4952257E+00  2.5427E+03
2.4962571E+00  2.5403E+03
2.5077018E+00  2.5141E+03
2.5202403E+00  2.4858E+03
2.5328415E+00  2.4579E+03
2.5455057E+00  2.4304E+03
2.5582333E+00  2.4032E+03
2.5710244E+00  2.3764E+03
2.5838796E+00  2.3499E+03
2.5967990E+00  2.3237E+03
2.6097829E+00  2.2978E+03
2.6228319E+00  2.2723E+03
2.6359460E+00  2.2470E+03
2.6491257E+00  2.2217E+03
2.6623714E+00  2.1968E+03
2.6756832E+00  2.1721E+03
2.6890617E+00  2.1478E+03
2.7025070E+00  2.1237E+03
2.7160195E+00  2.0999E+03
2.7295996E+00  2.0763E+03
2.7432476E+00  2.0531E+03
2.7569638E+00  2.0301E+03
2.7707486E+00  2.0073E+03
2.7846024E+00  1.9848E+03
2.7985254E+00  1.9626E+03
2.8125180E+00  1.9406E+03
2.8265806E+00  1.9189E+03
2.8407135E+00  1.8973E+03
2.8549171E+00  1.8761E+03
2.8691917E+00  1.8550E+03
2.8835376E+00  1.8342E+03
2.8979553E+00  1.8136E+03
2.9124451E+00  1.7932E+03
2.9270073E+00  1.7731E+03
2.9416424E+00  1.7532E+03
2.9563506E+00  1.7333E+03
2.9711323E+00  1.7138E+03
2.9859880E+00  1.6944E+03
3.0009179E+00  1.6752E+03
3.0159225E+00  1.6548E+03
3.0310021E+00  1.6347E+03
3.0461571E+00  1.6148E+03
3.0613879E+00  1.5952E+03
3.0766949E+00  1.5759E+03
3.0920783E+00  1.5567E+03
3.1075387E+00  1.5378E+03
3.1230764E+00  1.5192E+03
3.1386918E+00  1.5007E+03
3.1543853E+00  1.4825E+03
3.1701572E+00  1.4645E+03
3.1860080E+00  1.4464E+03
3.2019380E+00  1.4284E+03
3.2179477E+00  1.4105E+03
3.2340374E+00  1.3929E+03
3.2502076E+00  1.3755E+03
3.2664587E+00  1.3583E+03
3.2827910E+00  1.3413E+03
3.2992049E+00  1.3242E+03
3.3157009E+00  1.3073E+03
3.3322794E+00  1.2907E+03
3.3489408E+00  1.2743E+03
3.3656856E+00  1.2581E+03
3.3825140E+00  1.2421E+03
3.3994265E+00  1.2264E+03
3.4164237E+00  1.2109E+03
3.4335058E+00  1.1955E+03
3.4506733E+00  1.1804E+03
3.4679267E+00  1.1655E+03
3.4852663E+00  1.1508E+03
3.5026927E+00  1.1363E+03
3.5202061E+00  1.1220E+03
3.5378072E+00  1.1079E+03
3.5554962E+00  1.0939E+03
3.5732737E+00  1.0802E+03
3.5911400E+00  1.0666E+03
3.6090957E+00  1.0532E+03
3.6271412E+00  1.0400E+03
3.6452769E+00  1.0270E+03
3.6635033E+00  1.0142E+03
3.6818208E+00  1.0014E+03
3.7002299E+00  9.8880E+02
3.7187311E+00  9.7638E+02
3.7373247E+00  9.6413E+02
3.7560114E+00  9.5204E+02
3.7747914E+00  9.4012E+02
3.7936654E+00  9.2835E+02
3.8126337E+00  9.1675E+02
3.8316969E+00  9.0530E+02
3.8508554E+00  8.9398E+02
3.8701096E+00  8.8279E+02
3.8894602E+00  8.7174E+02
3.9089075E+00  8.6084E+02
3.9284520E+00  8.5009E+02
3.9480943E+00  8.3949E+02
3.9678347E+00  8.2902E+02
3.9876739E+00  8.1870E+02
4.055024E+00  7.8492E+02
4.334821E+00  6.6167E+02
4.633924E+00  5.5818E+02
4.953664E+00  4.7067E+02
5.295467E+00  3.9701E+02
5.660855E+00  3.3530E+02
6.051453E+00  2.8356E+02
6.469004E+00  2.4014E+02
6.915365E+00  2.0351E+02
7.392525E+00  1.7183E+02
7.902609E+00  1.4518E+02
8.447890E+00  1.2284E+02
9.030794E+00  1.0353E+02
9.059218E+00  1.0262E+02
9.197879E+00  9.8368E+01
9.234856E+00  9.7275E+01
9.290320E+00  2.6944E+02
9.428982E+00  2.5662E+02
9.653919E+00  2.3749E+02
1.014163E+01  2.0515E+02
1.029686E+01  1.9646E+02
1.032004E+01  1.9522E+02
1.033825E+01  1.9425E+02
1.040034E+01  2.6878E+02
1.055557E+01  2.5725E+02
1.065299E+01  2.5039E+02
1.081605E+01  2.3950E+02
1.085953E+01  2.3672E+02
1.092475E+01  2.7003E+02
1.103212E+01  2.6325E+02
1.108781E+01  2.5984E+02
1.179334E+01  2.2209E+02
1.260708E+01  1.8732E+02
1.347697E+01  1.5787E+02
1.440688E+01  1.3255E+02
1.540095E+01  1.1112E+02
1.646362E+01  9.3125E+01
1.759961E+01  7.8055E+01
1.881398E+01  6.5429E+01
2.011215E+01  5.4805E+01
2.149988E+01  4.5919E+01
2.298338E+01  3.8426E+01
2.456923E+01  3.2172E+01
2.626450E+01  2.6960E+01
2.807676E+01  2.2427E+01
3.001405E+01  1.8622E+01
3.208502E+01  1.5476E+01
3.429889E+01  1.2872E+01
3.666551E+01  1.0714E+01
3.919543E+01  8.9249E+00
4.189992E+01  7.4285E+00
4.479101E+01  6.1818E+00
4.788159E+01  5.1354E+00
5.118542E+01  4.2538E+00
5.471721E+01  3.5250E+00
5.849270E+01  2.9220E+00
6.204752E+01  2.4769E+00
6.252870E+01  2.4240E+00
6.299723E+01  2.3739E+00
6.325049E+01  2.3475E+00
6.363037E+01  1.2298E+01
6.458008E+01  1.1848E+01
6.684318E+01  1.0860E+01
7.145536E+01  9.1230E+00
7.638578E+01  7.6531E+00
8.165640E+01  6.4189E+00
8.729069E+01  5.3623E+00
9.331374E+01  4.4784E+00
9.975239E+01  3.7407E+00
1.066353E+02  3.1249E+00
1.139931E+02  2.6108E+00
1.218587E+02  2.1816E+00
1.302669E+02  1.8200E+00
1.392553E+02  1.5148E+00
1.488640E+02  1.2610E+00
1.591356E+02  1.0497E+00
1.701159E+02  8.7398E-01
1.818539E+02  7.2772E-01
1.944018E+02  6.0599E-01
2.078156E+02  5.0466E-01
2.221548E+02  4.2032E-01
2.374835E+02  3.5009E-01
2.538699E+02  2.9163E-01
2.713869E+02  2.4294E-01
2.901126E+02  2.0354E-01
3.101304E+02  1.7073E-01
3.315294E+02  1.4322E-01
3.544049E+02  1.2015E-01
3.788588E+02  1.0080E-01
4.050001E+02  8.4576E-02
4.329451E+02  7.0966E-02