Mo (Z = 42) Atomic weight: Ar = 95.94000 g mol-1   Nominal density:   ? (g cm-3) = 1.0200E+01
sigma(barns/atom) = [mue/rho](cm2 g-1)  ×  1.59312E+02 
E(eV) [mue/rho](cm2 g-1) = f2(e atom-1)  ×  4.38611E+05
14 edges. Edge energies (keV):
K      1.99995E+01  
L I    2.86550E+00  
L II   2.62510E+00  
L III  2.52020E+00 
M I    5.04600E-01  
M II   4.09700E-01  
M III  3.92300E-01  
M IV   2.30300E-01 
M V    2.27000E-01  
N I    6.18000E-02  
N II   3.48000E-02  
N III  3.48000E-02 
N IV   1.80000E-03  
N V    1.80000E-03 
Data
E/keV            [mue/rho]Photoelectric/cm2g-1
1.069000E-02  1.7343E+05
1.142761E-02  1.6734E+05
1.221612E-02  1.6095E+05
1.305903E-02  1.5429E+05
1.396010E-02  1.4741E+05
1.492335E-02  1.4036E+05
1.595306E-02  1.3321E+05
1.705382E-02  1.2600E+05
1.823053E-02  1.1880E+05
1.948844E-02  1.1166E+05
2.083314E-02  1.0464E+05
2.227063E-02  9.7787E+04
2.380730E-02  9.1140E+04
2.545001E-02  8.4736E+04
2.720606E-02  7.8604E+04
2.908327E-02  7.2768E+04
3.109002E-02  6.7243E+04
3.323523E-02  6.2040E+04
3.410400E-02  5.9921E+04
3.462600E-02  5.8489E+04
3.476520E-02  5.8115E+04
3.497400E-02  1.4998E+05
3.552846E-02  1.4127E+05
3.797993E-02  1.1050E+05
4.060054E-02  8.7909E+04
4.340198E-02  7.1394E+04
4.639671E-02  5.8993E+04
4.959809E-02  4.9441E+04
5.302035E-02  4.1912E+04
5.667876E-02  3.5857E+04
6.058959E-02  3.0904E+04
6.149100E-02  2.9929E+04
6.173820E-02  2.9671E+04
6.210900E-02  3.0231E+04
6.303600E-02  2.9332E+04
6.477028E-02  2.7778E+04
6.923942E-02  2.4404E+04
7.401695E-02  2.1550E+04
7.912411E-02  1.9109E+04
8.458368E-02  1.7008E+04
9.041995E-02  1.5187E+04
9.665893E-02  1.3601E+04
1.033284E-01  1.2212E+04
1.104581E-01  1.0992E+04
1.180797E-01  9.9154E+03
1.262272E-01  8.9625E+03
1.349368E-01  8.1162E+03
1.442475E-01  7.3621E+03
1.542005E-01  6.6872E+03
1.648404E-01  6.0810E+03
1.762144E-01  5.5347E+03
1.883732E-01  5.0407E+03
2.013709E-01  4.5926E+03
2.152655E-01  4.1849E+03
2.224600E-01  3.9975E+03
2.256940E-01  3.9179E+03
2.258650E-01  3.9137E+03
2.267730E-01  3.8919E+03
2.281350E-01  6.9988E+03
2.291485E-01  7.0686E+03
2.301188E-01  7.1378E+03
2.314515E-01  9.3705E+03
2.315400E-01  9.3826E+03
2.349060E-01  9.8650E+03
2.459970E-01  1.1817E+04
2.629708E-01  1.5689E+04
2.811158E-01  1.9607E+04
3.005128E-01  2.2799E+04
3.212482E-01  2.4811E+04
3.434143E-01  2.5514E+04
3.671099E-01  2.5047E+04
3.844540E-01  2.4184E+04
3.903385E-01  2.3826E+04
3.919077E-01  2.3726E+04
3.924405E-01  2.6442E+04
3.942615E-01  2.6317E+04
4.001460E-01  2.5900E+04
4.015060E-01  2.5801E+04
4.076515E-01  2.5344E+04
4.092903E-01  2.5219E+04
4.117485E-01  2.6172E+04
4.178940E-01  2.5690E+04
4.195189E-01  2.5561E+04
4.484657E-01  2.3236E+04
4.794098E-01  2.0819E+04
4.945080E-01  1.9705E+04
5.020770E-01  1.9166E+04
5.040954E-01  1.9025E+04
5.071230E-01  1.9643E+04
5.124891E-01  1.9268E+04
5.146920E-01  1.9117E+04
5.478508E-01  1.6990E+04
5.856525E-01  1.4902E+04
6.260625E-01  1.3020E+04
6.692609E-01  1.1344E+04
7.154399E-01  9.8554E+03
7.648052E-01  8.5423E+03
8.175768E-01  7.3939E+03
8.739896E-01  6.3896E+03
9.342948E-01  5.5143E+03
9.987612E-01  4.7547E+03
1.067676E+00  4.0312E+03
1.141345E+00  3.4202E+03
1.220098E+00  2.9047E+03
1.304285E+00  2.4697E+03
1.394281E+00  2.1023E+03
1.490486E+00  1.7918E+03
1.593329E+00  1.5276E+03
1.703269E+00  1.2966E+03
1.820795E+00  1.1004E+03
1.946430E+00  9.3520E+02
2.080733E+00  7.9529E+02
2.224304E+00  6.7658E+02
2.377781E+00  5.7626E+02
2.469796E+00  5.2624E+02
2.507599E+00  5.0752E+02
2.517680E+00  5.0269E+02
2.532801E+00  1.9287E+03
2.541848E+00  1.9093E+03
2.572598E+00  1.8456E+03
2.611974E+00  1.7682E+03
2.622475E+00  1.7483E+03
2.638225E+00  2.3999E+03
2.677602E+00  2.3049E+03
2.717235E+00  2.2158E+03
2.808190E+00  2.0335E+03
2.851172E+00  1.9565E+03
2.862634E+00  1.9367E+03
2.879827E+00  2.1948E+03
2.904724E+00  2.1491E+03
2.922810E+00  2.1169E+03
3.105150E+00  1.8217E+03
3.319406E+00  1.5377E+03
3.548445E+00  1.2921E+03
3.793288E+00  1.0846E+03
4.055024E+00  9.1121E+02
4.334821E+00  7.6602E+02
4.633924E+00  6.4424E+02
4.953664E+00  5.4228E+02
5.295467E+00  4.5478E+02
5.660855E+00  3.8028E+02
6.051453E+00  3.1751E+02
6.469004E+00  2.6519E+02
6.915365E+00  2.2170E+02
7.392525E+00  1.8550E+02
7.902609E+00  1.5519E+02
8.447890E+00  1.2992E+02
9.030794E+00  1.0862E+02
9.653919E+00  9.0127E+01
1.032004E+01  7.4827E+01
1.103212E+01  6.2152E+01
1.179334E+01  5.1472E+01
1.260708E+01  4.2598E+01
1.347697E+01  3.5156E+01
1.440688E+01  2.9042E+01
1.540095E+01  2.4013E+01
1.646362E+01  1.9871E+01
1.759961E+01  1.6459E+01
1.881398E+01  1.3644E+01
1.959951E+01  1.2168E+01
1.989950E+01  1.1663E+01
1.997950E+01  1.1533E+01
2.011215E+01  7.9499E+01
2.039949E+01  7.6366E+01
2.149988E+01  6.6041E+01
2.298338E+01  5.5420E+01
2.456923E+01  4.6603E+01
2.626450E+01  3.9141E+01
2.807676E+01  3.2644E+01
3.001405E+01  2.7187E+01
3.208502E+01  2.2646E+01
3.429889E+01  1.8866E+01
3.666551E+01  1.5718E+01
3.919543E+01  1.3097E+01
4.189992E+01  1.0855E+01
4.479101E+01  8.9758E+00
4.788159E+01  7.4226E+00
5.118542E+01  6.1386E+00
5.471721E+01  5.0770E+00
5.849270E+01  4.1989E+00
6.252870E+01  3.4719E+00
6.684318E+01  2.8696E+00
7.145536E+01  2.3719E+00
7.638578E+01  1.9607E+00
8.165640E+01  1.6186E+00
8.729069E+01  1.3318E+00
9.331374E+01  1.0941E+00
9.975239E+01  8.9895E-01
1.066353E+02  7.3863E-01
1.139931E+02  6.0693E-01
1.218587E+02  4.9874E-01
1.302669E+02  4.0985E-01
1.392553E+02  3.3682E-01
1.488640E+02  2.7681E-01
1.591356E+02  2.2751E-01
1.701159E+02  1.8699E-01
1.818539E+02  1.5370E-01
1.944018E+02  1.2634E-01
2.078156E+02  1.0385E-01
2.221548E+02  8.5370E-02
2.374835E+02  7.0180E-02
2.538699E+02  5.7695E-02
2.713869E+02  4.7433E-02
2.901126E+02  3.8997E-02
3.101304E+02  3.2063E-02
3.315294E+02  2.6362E-02
3.544049E+02  2.1676E-02
3.788588E+02  1.7823E-02
4.050001E+02  1.4656E-02
4.329451E+02  1.2051E-02