Nd (Z = 60) Atomic weight: Ar = 144.2400 g mol-1   Nominal density:   ? (g cm-3) = 6.9940
sigma(barns/atom) = [mue/rho](cm2 g-1)  ×  2.39516E+02
E(eV) [mue/rho](cm2 g-1) = f2(e atom-1)  ×  2.91738E+05
18 edges. Edge energies (keV):
K      4.35689E+01  
L I    7.12600E+00  
L II   6.72150E+00  
L III  6.20790E+00 
M I    1.57530E+00  
M II   1.40280E+00  
M III  1.29740E+00  
M IV   9.99500E-01 
M V    9.77700E-01  
N I    3.15200E-01  
N II   2.43300E-01  
N III  2.24600E-01 
N IV   1.17500E-01  
N V    1.17500E-01  
N VI   3.00000E-03  
O I    3.75000E-02 
O II   2.11000E-02  
O III  2.11000E-02 
Data
E/keV            [mue/rho]Photoelectric/cm2g-1
1.069000E-02  7.3944E+03
1.142761E-02  7.6926E+03
1.221612E-02  8.0178E+03
1.305903E-02  8.3698E+03
1.396010E-02  8.7480E+03
1.492335E-02  9.1520E+03
1.595306E-02  9.5806E+03
1.705382E-02  1.0032E+04
1.823053E-02  1.0505E+04
1.948844E-02  1.0996E+04
2.067800E-02  1.1445E+04
2.083314E-02  1.1502E+04
2.099450E-02  1.1562E+04
2.107890E-02  1.1593E+04
2.120550E-02  2.0077E+05
2.152200E-02  1.9096E+05
2.227063E-02  1.7028E+05
2.380730E-02  1.3657E+05
2.545001E-02  1.0869E+05
2.720606E-02  8.6231E+04
2.908327E-02  6.8802E+04
3.109002E-02  5.5632E+04
3.323523E-02  4.5868E+04
3.552846E-02  3.8726E+04
3.675000E-02  3.5892E+04
3.731250E-02  3.4762E+04
3.746250E-02  3.4478E+04
3.768750E-02  3.4227E+04
3.797993E-02  3.3714E+04
3.825000E-02  3.3260E+04
4.060054E-02  3.0012E+04
4.340198E-02  2.7361E+04
4.639671E-02  2.5457E+04
4.959809E-02  2.4083E+04
5.302035E-02  2.3078E+04
5.667876E-02  2.2250E+04
6.058959E-02  2.0810E+04
6.477028E-02  1.9480E+04
6.923942E-02  1.8227E+04
7.401695E-02  1.7031E+04
7.912411E-02  1.5878E+04
8.458368E-02  1.4763E+04
9.041995E-02  1.3684E+04
9.665893E-02  1.2643E+04
1.0000000E-01  1.2127E+04
1.0050000E-01  1.2052E+04
1.0100250E-01  1.1978E+04
1.0150751E-01  1.1903E+04
1.0201505E-01  1.1829E+04
1.0252513E-01  1.1755E+04
1.0303775E-01  1.1682E+04
1.0355294E-01  1.1608E+04
1.0407070E-01  1.1535E+04
1.0459106E-01  1.1462E+04
1.0511401E-01  1.1389E+04
1.0563958E-01  1.1317E+04
1.0616778E-01  1.1244E+04
1.0669862E-01  1.1172E+04
1.0723211E-01  1.1100E+04
1.0776827E-01  1.1029E+04
1.0830712E-01  1.0957E+04
1.0884865E-01  1.0886E+04
1.0939289E-01  1.0815E+04
1.0993986E-01  1.0745E+04
1.1048956E-01  1.0674E+04
1.1104201E-01  1.0604E+04
1.1159722E-01  1.0534E+04
1.1215520E-01  1.0465E+04
1.1271598E-01  1.0395E+04
1.1327956E-01  1.0326E+04
1.1384596E-01  1.0257E+04
1.1441519E-01  1.0189E+04
1.1498726E-01  1.0120E+04
1.1556220E-01  1.0052E+04
1.1614001E-01  9.9842E+03
1.1672071E-01  9.9166E+03
1.1730431E-01  9.8492E+03
1.1748954E-01  9.8279E+03
1.1751046E-01  8.1489E+04
1.1751048E-01  8.1489E+04
1.1789083E-01  7.8014E+04
1.1848029E-01  7.2970E+04
1.1907269E-01  6.8290E+04
1.1966805E-01  6.3946E+04
1.2026639E-01  5.9915E+04
1.2086772E-01  5.6173E+04
1.2147206E-01  5.2700E+04
1.2207942E-01  4.9475E+04
1.2268982E-01  4.6481E+04
1.2330327E-01  4.3701E+04
1.2391979E-01  4.1120E+04
1.2453939E-01  3.8722E+04
1.2516208E-01  3.6495E+04
1.2578789E-01  3.4425E+04
1.2641683E-01  3.2503E+04
1.2704892E-01  3.0716E+04
1.2768416E-01  2.9055E+04
1.2832258E-01  2.7511E+04
1.2896419E-01  2.6076E+04
1.2960902E-01  2.4742E+04
1.3025706E-01  2.3524E+04
1.3090835E-01  2.2412E+04
1.3156289E-01  2.1395E+04
1.3222070E-01  2.0465E+04
1.3288181E-01  1.9611E+04
1.3354621E-01  1.8826E+04
1.3421395E-01  1.8104E+04
1.3488502E-01  1.7438E+04
1.3555944E-01  1.6822E+04
1.3623724E-01  1.6252E+04
1.3691842E-01  1.5724E+04
1.3760302E-01  1.5233E+04
1.3829103E-01  1.4777E+04
1.3898249E-01  1.4351E+04
1.3967740E-01  1.3954E+04
1.4037579E-01  1.3583E+04
1.4107766E-01  1.3235E+04
1.4178305E-01  1.2909E+04
1.4249197E-01  1.2602E+04
1.4320443E-01  1.2313E+04
1.4392045E-01  1.2042E+04
1.4464005E-01  1.1785E+04
1.4536325E-01  1.1543E+04
1.4609007E-01  1.1313E+04
1.4682052E-01  1.1095E+04
1.4755462E-01  1.0889E+04
1.4829239E-01  1.0693E+04
1.4903386E-01  1.0506E+04
1.4977903E-01  1.0328E+04
1.5052792E-01  1.0158E+04
1.5128056E-01  9.9954E+03
1.5203696E-01  9.8402E+03
1.5279715E-01  9.6916E+03
1.5356113E-01  9.5491E+03
1.5432894E-01  9.4124E+03
1.5510058E-01  9.2810E+03
1.5587609E-01  9.1547E+03
1.5665547E-01  9.0331E+03
1.5743875E-01  8.9159E+03
1.5822594E-01  8.8029E+03
1.5901707E-01  8.6938E+03
1.5981215E-01  8.5885E+03
1.6061121E-01  8.4866E+03
1.6141427E-01  8.3880E+03
1.6222134E-01  8.2925E+03
1.6303245E-01  8.2000E+03
1.6384761E-01  8.1102E+03
1.6466685E-01  8.0231E+03
1.6549018E-01  7.9386E+03
1.6631763E-01  7.8564E+03
1.6714922E-01  7.7765E+03
1.6798497E-01  7.6988E+03
1.6882489E-01  7.6232E+03
1.6966902E-01  7.5495E+03
1.7051736E-01  7.4777E+03
1.7136995E-01  7.4078E+03
1.7222680E-01  7.3396E+03
1.7308793E-01  7.2731E+03
1.7395337E-01  7.2081E+03
1.7482314E-01  7.1447E+03
1.7569726E-01  7.0828E+03
1.7657574E-01  7.0224E+03
1.7745862E-01  6.9633E+03
1.7834591E-01  6.9055E+03
1.7923764E-01  6.8490E+03
1.8013383E-01  6.7938E+03
1.8103450E-01  6.7398E+03
1.8193967E-01  6.6869E+03
1.8284937E-01  6.6352E+03
1.8376362E-01  6.5846E+03
1.8468244E-01  6.5350E+03
1.8560585E-01  6.4865E+03
1.8653388E-01  6.4390E+03
1.8746655E-01  6.3925E+03
1.8840388E-01  6.3469E+03
1.8934590E-01  6.3023E+03
1.9029263E-01  6.2585E+03
1.9124409E-01  6.2157E+03
1.9220031E-01  6.1738E+03
1.9316131E-01  6.1327E+03
1.9412712E-01  6.0924E+03
1.9509776E-01  6.0529E+03
1.9607325E-01  6.0143E+03
1.9705361E-01  5.9764E+03
1.9803888E-01  5.9393E+03
1.9902907E-01  5.9030E+03
2.0002422E-01  5.8674E+03
2.0102434E-01  5.8325E+03
2.0202946E-01  5.7984E+03
2.0303961E-01  5.7649E+03
2.0405481E-01  5.7322E+03
2.0507508E-01  5.7001E+03
2.0610046E-01  5.6687E+03
2.0713096E-01  5.6379E+03
2.0816661E-01  5.6078E+03
2.0920745E-01  5.5784E+03
2.1025348E-01  5.5496E+03
2.1130475E-01  5.5213E+03
2.1236128E-01  5.4938E+03
2.1342308E-01  5.4668E+03
2.1449020E-01  5.4404E+03
2.1556265E-01  5.4146E+03
2.1664046E-01  5.3893E+03
2.1772366E-01  5.3647E+03
2.1881228E-01  5.3406E+03
2.1990634E-01  5.3170E+03
2.2100588E-01  5.2940E+03
2.2211090E-01  5.2716E+03
2.2322146E-01  5.2496E+03
2.2433757E-01  5.2283E+03
2.2447692E-01  5.2256E+03
2.2472308E-01  6.5235E+03
2.2545925E-01  6.5089E+03
2.2658655E-01  6.4872E+03
2.2771948E-01  6.4659E+03
2.2885808E-01  6.4452E+03
2.3000237E-01  6.4249E+03
2.3115238E-01  6.4051E+03
2.3230814E-01  6.3858E+03
2.3346969E-01  6.3670E+03
2.3463703E-01  6.3486E+03
2.3581022E-01  6.3307E+03
2.3698927E-01  6.3132E+03
2.3817422E-01  6.2962E+03
2.3936509E-01  6.2796E+03
2.4056191E-01  6.2635E+03
2.4176472E-01  6.2478E+03
2.4297355E-01  6.2325E+03
2.4315743E-01  6.2302E+03
2.4344258E-01  6.6196E+03
2.4418841E-01  6.6105E+03
2.4540936E-01  6.5958E+03
2.4663640E-01  6.5815E+03
2.4786959E-01  6.5677E+03
2.4910893E-01  6.5542E+03
2.5035448E-01  6.5410E+03
2.5160625E-01  6.5281E+03
2.5286428E-01  6.5156E+03
2.5412860E-01  6.5034E+03
2.5539925E-01  6.4915E+03
2.5667624E-01  6.4799E+03
2.5795962E-01  6.4686E+03
2.5924942E-01  6.4575E+03
2.6054567E-01  6.4468E+03
2.6184840E-01  6.4363E+03
2.6315764E-01  6.4261E+03
2.6447343E-01  6.4162E+03
2.6579579E-01  6.4065E+03
2.6712477E-01  6.3970E+03
2.6846040E-01  6.3878E+03
2.6980270E-01  6.3788E+03
2.7115171E-01  6.3700E+03
2.7250747E-01  6.3614E+03
2.7387001E-01  6.3530E+03
2.7523936E-01  6.3449E+03
2.7661556E-01  6.3369E+03
2.7799863E-01  6.3290E+03
2.7938863E-01  6.3214E+03
2.8078557E-01  6.3139E+03
2.8218950E-01  6.3065E+03
2.8360044E-01  6.2993E+03
2.8501845E-01  6.2922E+03
2.8644354E-01  6.2853E+03
2.8787576E-01  6.2785E+03
2.8931514E-01  6.2717E+03
2.9076171E-01  6.2651E+03
2.9221552E-01  6.2586E+03
2.9367660E-01  6.2521E+03
2.9514498E-01  6.2458E+03
2.9662071E-01  6.2395E+03
2.9810381E-01  6.2332E+03
2.9959433E-01  6.2271E+03
3.0109230E-01  6.2209E+03
3.0259776E-01  6.2148E+03
3.0411075E-01  6.2087E+03
3.0563130E-01  6.2027E+03
3.0715946E-01  6.1966E+03
3.0869526E-01  6.1906E+03
3.1023873E-01  6.1845E+03
3.1178993E-01  6.1785E+03
3.1334888E-01  6.1724E+03
3.1491562E-01  6.1663E+03
3.1551520E-01  6.6449E+03
3.1649020E-01  6.6402E+03
3.1807265E-01  6.6327E+03
3.1966301E-01  6.6251E+03
3.2126133E-01  6.6174E+03
3.2286764E-01  6.6097E+03
3.2448197E-01  6.6019E+03
3.2610438E-01  6.5941E+03
3.2773491E-01  6.5862E+03
3.2937358E-01  6.5782E+03
3.3102045E-01  6.5701E+03
3.3267555E-01  6.5618E+03
3.3433893E-01  6.5535E+03
3.3601062E-01  6.5451E+03
3.3769068E-01  6.5366E+03
3.3937913E-01  6.5279E+03
3.4107602E-01  6.5191E+03
3.4278140E-01  6.5101E+03
3.4449531E-01  6.5011E+03
3.4621779E-01  6.4918E+03
3.4794888E-01  6.4824E+03
3.4968862E-01  6.4729E+03
3.5143706E-01  6.4631E+03
3.5319425E-01  6.4532E+03
3.5496022E-01  6.4431E+03
3.5673502E-01  6.4327E+03
3.5851870E-01  6.4222E+03
3.6031129E-01  6.4115E+03
3.6211285E-01  6.4006E+03
3.6392341E-01  6.3894E+03
3.6574303E-01  6.3781E+03
3.6757174E-01  6.3665E+03
3.6940960E-01  6.3547E+03
3.7125665E-01  6.3427E+03
3.7311293E-01  6.3304E+03
3.7497850E-01  6.3179E+03
3.7685339E-01  6.3052E+03
3.7873766E-01  6.2923E+03
3.8063135E-01  6.2791E+03
3.8253450E-01  6.2657E+03
3.8444718E-01  6.2520E+03
3.8636941E-01  6.2381E+03
3.8830126E-01  6.2240E+03
3.9024276E-01  6.2096E+03
3.9219398E-01  6.1950E+03
3.9415495E-01  6.1801E+03
3.9612572E-01  6.1650E+03
3.9810635E-01  6.1495E+03
4.0009688E-01  6.1338E+03
4.0209737E-01  6.1178E+03
4.0410785E-01  6.1016E+03
4.0612839E-01  6.0852E+03
4.0815904E-01  6.0685E+03
4.1019983E-01  6.0516E+03
4.1225083E-01  6.0344E+03
4.1431208E-01  6.0169E+03
4.1638364E-01  5.9992E+03
4.1846556E-01  5.9813E+03
4.2055789E-01  5.9631E+03
4.2266068E-01  5.9447E+03
4.2477398E-01  5.9261E+03
4.2689785E-01  5.9072E+03
4.2903234E-01  5.8880E+03
4.3117750E-01  5.8687E+03
4.3333339E-01  5.8490E+03
4.3550006E-01  5.8292E+03
4.3767756E-01  5.8091E+03
4.3986595E-01  5.7888E+03
4.4206528E-01  5.7683E+03
4.4427560E-01  5.7476E+03
4.4649698E-01  5.7266E+03
4.4872947E-01  5.7054E+03
4.5097311E-01  5.6840E+03
4.5322798E-01  5.6624E+03
4.5549412E-01  5.6405E+03
4.5777159E-01  5.6185E+03
4.6006045E-01  5.5963E+03
4.6236075E-01  5.5738E+03
4.6467255E-01  5.5512E+03
4.6699592E-01  5.5283E+03
4.6933090E-01  5.5053E+03
4.7167755E-01  5.4821E+03
4.7403594E-01  5.4586E+03
4.7640612E-01  5.4349E+03
4.7878815E-01  5.4110E+03
4.8118209E-01  5.3869E+03
4.8358800E-01  5.3625E+03
4.8600594E-01  5.3379E+03
4.8843597E-01  5.3132E+03
4.9087815E-01  5.2882E+03
4.9333254E-01  5.2630E+03
4.9579920E-01  5.2377E+03
4.9827820E-01  5.2121E+03
5.0076959E-01  5.1864E+03
5.0327344E-01  5.1606E+03
5.0578980E-01  5.1345E+03
5.0831875E-01  5.1083E+03
5.1086035E-01  5.0820E+03
5.1341465E-01  5.0555E+03
5.1598172E-01  5.0289E+03
5.1856163E-01  5.0021E+03
5.2115444E-01  4.9753E+03
5.2376021E-01  4.9483E+03
5.2637901E-01  4.9212E+03
5.2901091E-01  4.8939E+03
5.3165596E-01  4.8666E+03
5.3431424E-01  4.8392E+03
5.3698581E-01  4.8117E+03
5.3967074E-01  4.7841E+03
5.4236910E-01  4.7565E+03
5.4508094E-01  4.7287E+03
5.4780635E-01  4.7009E+03
5.5054538E-01  4.6730E+03
5.5329810E-01  4.6451E+03
5.5606460E-01  4.6172E+03
5.5884492E-01  4.5891E+03
5.6163914E-01  4.5611E+03
5.6444734E-01  4.5330E+03
5.6726958E-01  4.5049E+03
5.7010592E-01  4.4767E+03
5.7295645E-01  4.4485E+03
5.7582123E-01  4.4204E+03
5.7870034E-01  4.3922E+03
5.8159384E-01  4.3640E+03
5.8450181E-01  4.3358E+03
5.8742432E-01  4.3076E+03
5.9036144E-01  4.2794E+03
5.9331325E-01  4.2512E+03
5.9627982E-01  4.2231E+03
5.9926122E-01  4.1950E+03
6.0225752E-01  4.1669E+03
6.0526881E-01  4.1388E+03
6.0829515E-01  4.1107E+03
6.1133663E-01  4.0827E+03
6.1439331E-01  4.0548E+03
6.1746528E-01  4.0269E+03
6.2055260E-01  3.9990E+03
6.2365537E-01  3.9712E+03
6.2677364E-01  3.9435E+03
6.2990751E-01  3.9158E+03
6.3305705E-01  3.8881E+03
6.3622234E-01  3.8606E+03
6.3940345E-01  3.8331E+03
6.4260046E-01  3.8057E+03
6.4581347E-01  3.7783E+03
6.4904253E-01  3.7511E+03
6.5228775E-01  3.7239E+03
6.5554919E-01  3.6968E+03
6.5882693E-01  3.6698E+03
6.6212107E-01  3.6429E+03
6.6543167E-01  3.6161E+03
6.6875883E-01  3.5894E+03
6.7210262E-01  3.5627E+03
6.7546314E-01  3.5362E+03
6.7884045E-01  3.5098E+03
6.8223466E-01  3.4835E+03
6.8564583E-01  3.4572E+03
6.8907406E-01  3.4311E+03
6.9251943E-01  3.4052E+03
6.9598202E-01  3.3793E+03
6.9946194E-01  3.3535E+03
7.0295924E-01  3.3279E+03
7.0647404E-01  3.3023E+03
7.1000641E-01  3.2769E+03
7.1355644E-01  3.2516E+03
7.1712423E-01  3.2264E+03
7.2070985E-01  3.2013E+03
7.2431340E-01  3.1764E+03
7.2793496E-01  3.1516E+03
7.3157464E-01  3.1269E+03
7.3523251E-01  3.1024E+03
7.3890867E-01  3.0779E+03
7.4260322E-01  3.0537E+03
7.4631623E-01  3.0295E+03
7.5004781E-01  3.0055E+03
7.5379805E-01  2.9816E+03
7.5756704E-01  2.9578E+03
7.6135488E-01  2.9342E+03
7.6516165E-01  2.9107E+03
7.6898746E-01  2.8874E+03
7.7283240E-01  2.8642E+03
7.7669656E-01  2.8411E+03
7.8058004E-01  2.8182E+03
7.8448294E-01  2.7954E+03
7.8840536E-01  2.7728E+03
7.9234738E-01  2.7503E+03
7.9630912E-01  2.7279E+03
8.0029067E-01  2.7057E+03
8.0429212E-01  2.6836E+03
8.0831358E-01  2.6617E+03
8.1235515E-01  2.6399E+03
8.1641693E-01  2.6182E+03
8.2049901E-01  2.5967E+03
8.2460150E-01  2.5753E+03
8.2872451E-01  2.5541E+03
8.3286813E-01  2.5330E+03
8.3703248E-01  2.5121E+03
8.4121764E-01  2.4913E+03
8.4542373E-01  2.4706E+03
8.4965084E-01  2.4501E+03
8.5389910E-01  2.4297E+03
8.5816859E-01  2.4095E+03
8.6245944E-01  2.3894E+03
8.6677173E-01  2.3694E+03
8.7110559E-01  2.3496E+03
8.7546112E-01  2.3300E+03
8.7983843E-01  2.3105E+03
8.8423762E-01  2.2911E+03
8.8865881E-01  2.2718E+03
8.9310210E-01  2.2527E+03
8.9756761E-01  2.2338E+03
9.0205545E-01  2.2149E+03
9.0656573E-01  2.1962E+03
9.1109856E-01  2.1777E+03
9.1565405E-01  2.1593E+03
9.2023232E-01  2.1410E+03
9.2483348E-01  2.1229E+03
9.2945765E-01  2.1049E+03
9.3410494E-01  2.0870E+03
9.3877546E-01  2.0693E+03
9.4346934E-01  2.0517E+03
9.4818668E-01  2.0342E+03
9.5292762E-01  2.0169E+03
9.5769226E-01  1.9997E+03
9.6248072E-01  1.9826E+03
9.6729312E-01  1.9657E+03
9.7212959E-01  1.9489E+03
9.7699023E-01  1.9323E+03
9.7760223E-01  1.9302E+03
9.7779777E-01  7.7140E+03
9.8187519E-01  7.6403E+03
9.8678456E-01  7.5529E+03
9.9171848E-01  7.4665E+03
9.9667708E-01  7.3812E+03
9.9936105E-01  7.3356E+03
9.9963891E-01  1.1059E+04
1.0016605E+00  1.1070E+04
1.0066688E+00  1.0933E+04
1.0117021E+00  1.0798E+04
1.0167606E+00  1.0664E+04
1.0218444E+00  1.0532E+04
1.0269536E+00  1.0402E+04
1.0320884E+00  1.0273E+04
1.0372489E+00  1.0146E+04
1.0424351E+00  1.0020E+04
1.0476473E+00  9.8965E+03
1.0528855E+00  9.7741E+03
1.0581499E+00  9.6533E+03
1.0634407E+00  9.5339E+03
1.0687579E+00  9.4160E+03
1.0741017E+00  9.2996E+03
1.0794722E+00  9.1847E+03
1.0848695E+00  9.0711E+03
1.0902939E+00  8.9590E+03
1.0957454E+00  8.8483E+03
1.1012241E+00  8.7390E+03
1.1067302E+00  8.6310E+03
1.1122639E+00  8.5244E+03
1.1178252E+00  8.4191E+03
1.1234143E+00  8.3151E+03
1.1290314E+00  8.2124E+03
1.1346765E+00  8.1110E+03
1.1403499E+00  8.0109E+03
1.1460517E+00  7.9120E+03
1.1517819E+00  7.8143E+03
1.1575408E+00  7.7179E+03
1.1633285E+00  7.6226E+03
1.1691452E+00  7.5286E+03
1.1749909E+00  7.4357E+03
1.1808659E+00  7.3439E+03
1.1867702E+00  7.2533E+03
1.1927040E+00  7.1639E+03
1.1986676E+00  7.0755E+03
1.2046609E+00  6.9883E+03
1.2106842E+00  6.9021E+03
1.2167376E+00  6.8170E+03
1.2228213E+00  6.7330E+03
1.2289354E+00  6.6500E+03
1.2350801E+00  6.5680E+03
1.2412555E+00  6.4871E+03
1.2474618E+00  6.4072E+03
1.2536991E+00  6.3282E+03
1.2599676E+00  6.2503E+03
1.2662674E+00  6.1732E+03
1.2725988E+00  6.0971E+03
1.2789618E+00  6.0220E+03
1.2853566E+00  5.9478E+03
1.2917833E+00  5.8745E+03
1.2965165E+00  5.8213E+03
1.2982423E+00  6.7985E+03
1.2982835E+00  6.7979E+03
1.3047335E+00  6.7096E+03
1.3112571E+00  6.6220E+03
1.3178134E+00  6.5355E+03
1.3244025E+00  6.4501E+03
1.3310245E+00  6.3659E+03
1.3376796E+00  6.2828E+03
1.3443680E+00  6.2009E+03
1.3510899E+00  6.1200E+03
1.3578453E+00  6.0402E+03
1.3646345E+00  5.9640E+03
1.3714577E+00  5.8914E+03
1.3783150E+00  5.8199E+03
1.3852066E+00  5.7497E+03
1.3921326E+00  5.6806E+03
1.3990933E+00  5.6125E+03
1.4018615E+00  5.5859E+03
1.4037384E+00  5.9501E+03
1.4060887E+00  5.9257E+03
1.4131192E+00  5.8538E+03
1.4201848E+00  5.7829E+03
1.4272857E+00  5.7132E+03
1.4344221E+00  5.6445E+03
1.4415942E+00  5.5769E+03
1.4488022E+00  5.5102E+03
1.4560462E+00  5.4446E+03
1.4633265E+00  5.3800E+03
1.4706431E+00  5.3163E+03
1.4779963E+00  5.2551E+03
1.4853863E+00  5.1952E+03
1.4928132E+00  5.1362E+03
1.5002773E+00  5.0781E+03
1.5077787E+00  5.0210E+03
1.5153176E+00  4.9647E+03
1.5228942E+00  4.9093E+03
1.5305086E+00  4.8547E+03
1.5381612E+00  4.8009E+03
1.5458520E+00  4.7479E+03
1.5535812E+00  4.6957E+03
1.5613491E+00  4.6442E+03
1.5691559E+00  4.5935E+03
1.5732678E+00  4.5672E+03
1.5770017E+00  4.7604E+03
1.5773321E+00  4.7583E+03
1.5848867E+00  4.7092E+03
1.5928111E+00  4.6587E+03
1.6007752E+00  4.6089E+03
1.6087790E+00  4.5597E+03
1.6168229E+00  4.5112E+03
1.6249070E+00  4.4633E+03
1.6330316E+00  4.4160E+03
1.6411967E+00  4.3693E+03
1.6494027E+00  4.3232E+03
1.6576497E+00  4.2768E+03
1.6659380E+00  4.2305E+03
1.6742677E+00  4.1848E+03
1.6826390E+00  4.1397E+03
1.6910522E+00  4.0941E+03
1.6995075E+00  4.0476E+03
1.7080050E+00  4.0017E+03
1.7165450E+00  3.9563E+03
1.7251278E+00  3.9114E+03
1.7337534E+00  3.8671E+03
1.7424222E+00  3.8233E+03
1.7511343E+00  3.7800E+03
1.7598899E+00  3.7372E+03
1.7686894E+00  3.6948E+03
1.7775328E+00  3.6530E+03
1.7864205E+00  3.6116E+03
1.7953526E+00  3.5708E+03
1.8043294E+00  3.5303E+03
1.8133510E+00  3.4904E+03
1.8224178E+00  3.4508E+03
1.8315299E+00  3.4112E+03
1.8406875E+00  3.3719E+03
1.8498909E+00  3.3331E+03
1.8591404E+00  3.2947E+03
1.8684361E+00  3.2567E+03
1.8777783E+00  3.2191E+03
1.8871672E+00  3.1820E+03
1.8966030E+00  3.1453E+03
1.9060860E+00  3.1089E+03
1.9156165E+00  3.0730E+03
1.9251945E+00  3.0375E+03
1.9348205E+00  3.0024E+03
1.9444946E+00  2.9676E+03
1.9542171E+00  2.9333E+03
1.9639882E+00  2.8994E+03
1.9738081E+00  2.8658E+03
1.9836772E+00  2.8326E+03
1.9935955E+00  2.7998E+03
2.0035635E+00  2.7673E+03
2.0135813E+00  2.7352E+03
2.0236492E+00  2.7035E+03
2.0337675E+00  2.6721E+03
2.0439363E+00  2.6411E+03
2.0541560E+00  2.6104E+03
2.0644268E+00  2.5800E+03
2.0747489E+00  2.5499E+03
2.0851227E+00  2.5201E+03
2.0955483E+00  2.4907E+03
2.1060260E+00  2.4616E+03
2.1165562E+00  2.4329E+03
2.1271389E+00  2.4045E+03
2.1377746E+00  2.3764E+03
2.1484635E+00  2.3487E+03
2.1592058E+00  2.3212E+03
2.1700018E+00  2.2941E+03
2.1808519E+00  2.2673E+03
2.1917561E+00  2.2408E+03
2.2027149E+00  2.2147E+03
2.2137285E+00  2.1886E+03
2.2247971E+00  2.1627E+03
2.2359211E+00  2.1371E+03
2.2471007E+00  2.1118E+03
2.2583362E+00  2.0868E+03
2.2696279E+00  2.0621E+03
2.2809760E+00  2.0377E+03
2.2923809E+00  2.0136E+03
2.3038428E+00  1.9898E+03
2.3153620E+00  1.9663E+03
2.3269388E+00  1.9430E+03
2.3385735E+00  1.9201E+03
2.3502664E+00  1.8974E+03
2.3620177E+00  1.8750E+03
2.3738278E+00  1.8529E+03
2.3856970E+00  1.8310E+03
2.3976254E+00  1.8095E+03
2.4096136E+00  1.7881E+03
2.4216616E+00  1.7671E+03
2.4337699E+00  1.7463E+03
2.4459388E+00  1.7257E+03
2.4581685E+00  1.7055E+03
2.4704593E+00  1.6854E+03
2.4828116E+00  1.6656E+03
2.4952257E+00  1.6461E+03
2.5077018E+00  1.6268E+03
2.5202403E+00  1.6077E+03
2.5328415E+00  1.5889E+03
2.5455057E+00  1.5703E+03
2.5582333E+00  1.5519E+03
2.5710244E+00  1.5338E+03
2.5838796E+00  1.5158E+03
2.5967990E+00  1.4981E+03
2.6097829E+00  1.4804E+03
2.6228319E+00  1.4629E+03
2.6359460E+00  1.4456E+03
2.6491257E+00  1.4285E+03
2.6623714E+00  1.4117E+03
2.6756832E+00  1.3950E+03
2.6890617E+00  1.3786E+03
2.7025070E+00  1.3623E+03
2.7160195E+00  1.3463E+03
2.7295996E+00  1.3304E+03
2.7432476E+00  1.3148E+03
2.7569638E+00  1.2994E+03
2.7707486E+00  1.2841E+03
2.7846024E+00  1.2690E+03
2.7985254E+00  1.2541E+03
2.8125180E+00  1.2394E+03
2.8265806E+00  1.2248E+03
2.8407135E+00  1.2103E+03
2.8549171E+00  1.1960E+03
2.8691917E+00  1.1819E+03
2.8835376E+00  1.1680E+03
2.8979553E+00  1.1543E+03
2.9124451E+00  1.1407E+03
2.9270073E+00  1.1273E+03
2.9416424E+00  1.1140E+03
2.9563506E+00  1.1010E+03
2.9711323E+00  1.0880E+03
2.9859880E+00  1.0753E+03
3.0009179E+00  1.0626E+03
3.0159225E+00  1.0490E+03
3.0310021E+00  1.0355E+03
3.0461571E+00  1.0222E+03
3.0613879E+00  1.0091E+03
3.0766949E+00  9.9620E+02
3.0920783E+00  9.8343E+02
3.1075387E+00  9.7084E+02
3.1230764E+00  9.5841E+02
3.1386918E+00  9.4615E+02
3.1543853E+00  9.3403E+02
3.1701572E+00  9.2203E+02
3.1860080E+00  9.1019E+02
3.2019380E+00  8.9851E+02
3.2179477E+00  8.8698E+02
3.2340374E+00  8.7560E+02
3.2502076E+00  8.6438E+02
3.2664587E+00  8.5330E+02
3.2827910E+00  8.4237E+02
3.2992049E+00  8.3158E+02
3.3157009E+00  8.2094E+02
3.3322794E+00  8.1043E+02
3.3489408E+00  8.0007E+02
3.3656856E+00  7.8984E+02
3.3825140E+00  7.7975E+02
3.3994265E+00  7.6979E+02
3.4164237E+00  7.5996E+02
3.4335058E+00  7.5027E+02
3.4506733E+00  7.4070E+02
3.4679267E+00  7.3126E+02
3.4852663E+00  7.2194E+02
3.5026927E+00  7.1275E+02
3.5202061E+00  7.0367E+02
3.5378072E+00  6.9472E+02
3.5554962E+00  6.8589E+02
3.5732737E+00  6.7717E+02
3.5911400E+00  6.6857E+02
3.6090957E+00  6.6008E+02
3.6271412E+00  6.5170E+02
3.6452769E+00  6.4343E+02
3.6635033E+00  6.3528E+02
3.6818208E+00  6.2723E+02
3.7002299E+00  6.1928E+02
3.7187311E+00  6.1145E+02
3.7373247E+00  6.0371E+02
3.7560114E+00  5.9608E+02
3.7747914E+00  5.8855E+02
3.7936654E+00  5.8111E+02
3.8126337E+00  5.7378E+02
3.8316969E+00  5.6654E+02
3.8508554E+00  5.5940E+02
3.8701096E+00  5.5235E+02
3.8894602E+00  5.4539E+02
3.9089075E+00  5.3853E+02
3.9284520E+00  5.3161E+02
3.9480943E+00  5.2476E+02
3.9678347E+00  5.1801E+02
3.9876739E+00  5.1135E+02
4.055024E+00  4.8938E+02
4.334821E+00  4.1102E+02
4.633924E+00  3.4567E+02
4.953664E+00  2.9116E+02
5.295467E+00  2.4570E+02
5.660855E+00  2.0761E+02
6.051453E+00  1.7483E+02
6.083742E+00  1.7246E+02
6.176861E+00  1.6575E+02
6.201692E+00  1.6403E+02
6.238940E+00  4.8989E+02
6.332058E+00  4.6796E+02
6.469004E+00  4.3805E+02
6.587070E+00  4.1541E+02
6.687892E+00  3.9810E+02
6.714778E+00  3.9369E+02
6.755107E+00  5.3941E+02
6.855930E+00  5.1672E+02
6.915365E+00  5.0399E+02
6.983480E+00  4.8998E+02
7.090370E+00  4.6942E+02
7.118874E+00  4.6431E+02
7.161630E+00  5.2880E+02
7.268520E+00  5.0929E+02
7.392525E+00  4.8810E+02
7.902609E+00  4.1314E+02
8.447890E+00  3.4897E+02
9.030794E+00  2.9361E+02
9.653919E+00  2.4531E+02
1.032004E+01  2.0503E+02
1.103212E+01  1.7151E+02
1.179334E+01  1.4361E+02
1.260708E+01  1.2022E+02
1.347697E+01  1.0038E+02
1.440688E+01  8.3627E+01
1.540095E+01  6.9532E+01
1.646362E+01  5.7863E+01
1.759961E+01  4.8194E+01
1.881398E+01  4.0174E+01
2.011215E+01  3.3513E+01
2.149988E+01  2.7982E+01
2.298338E+01  2.3386E+01
2.456923E+01  1.9563E+01
2.626450E+01  1.6381E+01
2.807676E+01  1.3601E+01
3.001405E+01  1.1254E+01
3.208502E+01  9.2900E+00
3.429889E+01  7.6591E+00
3.666551E+01  6.3161E+00
3.919543E+01  5.2127E+00
4.189992E+01  4.3056E+00
4.269752E+01  4.0797E+00
4.335106E+01  3.9065E+00
4.352533E+01  3.8620E+00
4.378675E+01  2.2521E+01
4.444028E+01  2.1685E+01
4.479101E+01  2.1255E+01
4.788159E+01  1.7874E+01
5.118542E+01  1.4987E+01
5.471721E+01  1.2554E+01
5.849270E+01  1.0501E+01
6.252870E+01  8.7740E+00
6.684318E+01  7.3302E+00
7.145536E+01  6.1236E+00
7.638578E+01  5.1153E+00
8.165640E+01  4.2671E+00
8.729069E+01  3.5491E+00
9.331374E+01  2.9413E+00
9.975239E+01  2.4379E+00
1.066353E+02  2.0208E+00
1.139931E+02  1.6752E+00
1.218587E+02  1.3889E+00
1.302669E+02  1.1515E+00
1.392553E+02  9.5486E-01
1.488640E+02  7.9183E-01
1.591356E+02  6.5668E-01
1.701159E+02  5.4464E-01
1.818539E+02  4.5175E-01
1.944018E+02  3.7514E-01
2.078156E+02  3.1200E-01
2.221548E+02  2.5950E-01
2.374835E+02  2.1585E-01
2.538699E+02  1.7955E-01
2.713869E+02  1.4937E-01
2.901126E+02  1.2426E-01
3.101304E+02  1.0339E-01
3.315294E+02  8.6019E-02
3.544049E+02  7.1574E-02
3.788588E+02  5.9557E-02
4.050001E+02  4.9561E-02
4.329451E+02  4.1244E-02