Pb (Z = 82) Atomic weight: Ar = 207.2000 g mol-1   Nominal density:   ? (g cm-3) = 1.1330E+01
sigma(barns/atom) = [mue/rho](cm2 g-1)  ×  3.44064E+02
E(eV) [mue/rho](cm2 g-1) = f2(e atom-1)  ×  2.03090E+05
22 edges. Edge energies (keV):
K      8.80045E+01  
L I    1.58608E+01  
L II   1.52000E+01  
L III  1.30352E+01 
M I    3.85070E+00  
M II   3.55420E+00  
M III  3.06640E+00  
M IV   2.58560E+00 
M V    2.48400E+00  
N I    8.93600E-01  
N II   7.63900E-01  
N III  6.44500E-01 
N IV   4.35200E-01  
N V    4.12900E-01  
N VI   1.42900E-01  
N VII  1.38100E-01 
O I    1.47300E-01  
O II   1.04800E-01  
O III  8.60000E-02  
O IV   2.18000E-02 
O V    1.92000E-02  
P I    1.16904E-02  
P II   4.91166E-03 
Data
E/keV            [mue/rho]Photoelectric/cm2g-1
4.936221E-03  1.1782E+05
5.009896E-03  1.1421E+05
1.069000E-02  2.5787E+04
1.142761E-02  2.2557E+04
1.145657E-02  2.2441E+04
1.163193E-02  2.1759E+04
1.167869E-02  2.1582E+04
1.174883E-02  3.8679E+04
1.192419E-02  3.7273E+04
1.221612E-02  3.5086E+04
1.305903E-02  2.9667E+04
1.396010E-02  2.4757E+04
1.492335E-02  2.0394E+04
1.595306E-02  1.6685E+04
1.705382E-02  1.3619E+04
1.823053E-02  1.1122E+04
1.881600E-02  1.0112E+04
1.910400E-02  9.6613E+03
1.918080E-02  9.5460E+03
1.929600E-02  2.3132E+04
1.948844E-02  2.3207E+04
1.958400E-02  2.3251E+04
2.083314E-02  2.4168E+04
2.136400E-02  2.4742E+04
2.169100E-02  2.5182E+04
2.177820E-02  2.5312E+04
2.190900E-02  3.1797E+04
2.223600E-02  3.2783E+04
2.227063E-02  3.2892E+04
2.380730E-02  3.8692E+04
2.545001E-02  4.6736E+04
2.720606E-02  5.6937E+04
2.908327E-02  6.8839E+04
3.109002E-02  8.1576E+04
3.323523E-02  9.3901E+04
3.552846E-02  1.0437E+05
3.797993E-02  1.1160E+05
4.060054E-02  1.1462E+05
4.340198E-02  1.1306E+05
4.639671E-02  1.0721E+05
4.959809E-02  9.7922E+04
5.302035E-02  8.6389E+04
5.667876E-02  7.3850E+04
6.058959E-02  6.1393E+04
6.477028E-02  4.9824E+04
6.923942E-02  3.9629E+04
7.401695E-02  3.1017E+04
7.912411E-02  2.3985E+04
8.428000E-02  1.8677E+04
8.458368E-02  1.8411E+04
8.557000E-02  1.7576E+04
8.591400E-02  1.7295E+04
8.643000E-02  2.2049E+04
8.772000E-02  2.0771E+04
9.041995E-02  1.8381E+04
9.665893E-02  1.4065E+04
1.027040E-01  1.1105E+04
1.033284E-01  1.0852E+04
1.042760E-01  1.0482E+04
1.046952E-01  1.0325E+04
1.053240E-01  1.2561E+04
1.068960E-01  1.1921E+04
1.104581E-01  1.0637E+04
1.180797E-01  8.5005E+03
1.262272E-01  6.8330E+03
1.349368E-01  5.5298E+03
1.353380E-01  5.4791E+03
1.374095E-01  5.2283E+03
1.379619E-01  5.1644E+03
1.387905E-01  5.5282E+03
1.400420E-01  5.4101E+03
1.408620E-01  5.3361E+03
1.421855E-01  5.2222E+03
1.427571E-01  5.1751E+03
1.436145E-01  5.4272E+03
1.442475E-01  5.3850E+03
1.443540E-01  5.3780E+03
1.457580E-01  5.2902E+03
1.465635E-01  5.2430E+03
1.471527E-01  5.2100E+03
1.480365E-01  5.3225E+03
1.502460E-01  5.2158E+03
1.542005E-01  5.0628E+03
1.648404E-01  4.8660E+03
1.762144E-01  4.9407E+03
1.883732E-01  5.2748E+03
2.013709E-01  5.8545E+03
2.152655E-01  6.6557E+03
2.301188E-01  7.6382E+03
2.459970E-01  8.7436E+03
2.629708E-01  9.8968E+03
2.811158E-01  1.1012E+04
3.005128E-01  1.2005E+04
3.212482E-01  1.2797E+04
3.434143E-01  1.3334E+04
3.671099E-01  1.3585E+04
3.924405E-01  1.3550E+04
4.046420E-01  1.3440E+04
4.108355E-01  1.3365E+04
4.124871E-01  1.3343E+04
4.149645E-01  1.3765E+04
4.195189E-01  1.3714E+04
4.211580E-01  1.3694E+04
4.264960E-01  1.3625E+04
4.330240E-01  1.3532E+04
4.347648E-01  1.3506E+04
4.373760E-01  1.3758E+04
4.439040E-01  1.3665E+04
4.484657E-01  1.3595E+04
4.794098E-01  1.3051E+04
5.0000000E-01  1.2628E+04
5.0250000E-01  1.2574E+04
5.0501250E-01  1.2519E+04
5.0753756E-01  1.2464E+04
5.1007525E-01  1.2408E+04
5.1262563E-01  1.2351E+04
5.1518875E-01  1.2294E+04
5.1776470E-01  1.2236E+04
5.2035352E-01  1.2177E+04
5.2295529E-01  1.2118E+04
5.2557007E-01  1.2058E+04
5.2819792E-01  1.1998E+04
5.3083891E-01  1.1937E+04
5.3349310E-01  1.1876E+04
5.3616057E-01  1.1814E+04
5.3884137E-01  1.1752E+04
5.4153558E-01  1.1689E+04
5.4424325E-01  1.1626E+04
5.4696447E-01  1.1562E+04
5.4969929E-01  1.1499E+04
5.5244779E-01  1.1434E+04
5.5521003E-01  1.1370E+04
5.5798608E-01  1.1305E+04
5.6077601E-01  1.1239E+04
5.6357989E-01  1.1174E+04
5.6639779E-01  1.1107E+04
5.6922978E-01  1.1041E+04
5.7207593E-01  1.0974E+04
5.7493630E-01  1.0907E+04
5.7781099E-01  1.0840E+04
5.8070004E-01  1.0773E+04
5.8360354E-01  1.0705E+04
5.8652156E-01  1.0637E+04
5.8945417E-01  1.0569E+04
5.9240144E-01  1.0501E+04
5.9536345E-01  1.0432E+04
5.9834026E-01  1.0364E+04
6.0133196E-01  1.0295E+04
6.0433862E-01  1.0226E+04
6.0736032E-01  1.0157E+04
6.1039712E-01  1.0089E+04
6.1344910E-01  1.0020E+04
6.1651635E-01  9.9511E+03
6.1959893E-01  9.8823E+03
6.2269693E-01  9.8136E+03
6.2581041E-01  9.7450E+03
6.2893946E-01  9.6764E+03
6.3208416E-01  9.6080E+03
6.3524458E-01  9.5397E+03
6.3842080E-01  9.4716E+03
6.4161291E-01  9.4036E+03
6.4372017E-01  9.3590E+03
6.4482097E-01  9.9142E+03
6.4527986E-01  9.9042E+03
6.4804508E-01  9.8446E+03
6.5128530E-01  9.7752E+03
6.5454173E-01  9.7061E+03
6.5781444E-01  9.6372E+03
6.6110351E-01  9.5686E+03
6.6440903E-01  9.5003E+03
6.6773107E-01  9.4322E+03
6.7106973E-01  9.3645E+03
6.7442508E-01  9.2971E+03
6.7779720E-01  9.2300E+03
6.8118619E-01  9.1633E+03
6.8459212E-01  9.0970E+03
6.8801508E-01  9.0310E+03
6.9145515E-01  8.9654E+03
6.9491243E-01  8.9001E+03
6.9838699E-01  8.8347E+03
7.0187893E-01  8.7663E+03
7.0538832E-01  8.6982E+03
7.0891526E-01  8.6304E+03
7.1245984E-01  8.5631E+03
7.1602214E-01  8.4960E+03
7.1960225E-01  8.4293E+03
7.2320026E-01  8.3630E+03
7.2681626E-01  8.2970E+03
7.3045034E-01  8.2314E+03
7.3410260E-01  8.1662E+03
7.3777311E-01  8.1000E+03
7.4146197E-01  8.0332E+03
7.4516928E-01  7.9669E+03
7.4889513E-01  7.9009E+03
7.5263961E-01  7.8353E+03
7.5640280E-01  7.7700E+03
7.6018482E-01  7.7051E+03
7.6283052E-01  7.6601E+03
7.6398574E-01  7.7463E+03
7.6496944E-01  7.7297E+03
7.6780567E-01  7.6822E+03
7.7164470E-01  7.6184E+03
7.7550292E-01  7.5550E+03
7.7938044E-01  7.4920E+03
7.8327734E-01  7.4294E+03
7.8719373E-01  7.3673E+03
7.9112969E-01  7.3055E+03
7.9508534E-01  7.2442E+03
7.9906077E-01  7.1832E+03
8.0305607E-01  7.1227E+03
8.0707135E-01  7.0626E+03
8.1110671E-01  7.0030E+03
8.1516224E-01  6.9437E+03
8.1923806E-01  6.8849E+03
8.2333425E-01  6.8266E+03
8.2745092E-01  6.7686E+03
8.3158817E-01  6.7111E+03
8.3574611E-01  6.6541E+03
8.3992484E-01  6.5974E+03
8.4412447E-01  6.5413E+03
8.4834509E-01  6.4855E+03
8.5258682E-01  6.4302E+03
8.5684975E-01  6.3753E+03
8.6113400E-01  6.3209E+03
8.6543967E-01  6.2669E+03
8.6976687E-01  6.2133E+03
8.7411570E-01  6.1602E+03
8.7848628E-01  6.1075E+03
8.8287871E-01  6.0553E+03
8.8729310E-01  6.0035E+03
8.9172957E-01  5.9522E+03
8.9230427E-01  5.9456E+03
8.9489571E-01  6.0389E+03
8.9618822E-01  6.0241E+03
9.0066916E-01  5.9732E+03
9.0517250E-01  5.9227E+03
9.0969837E-01  5.8727E+03
9.1424686E-01  5.8232E+03
9.1881809E-01  5.7740E+03
9.2341218E-01  5.7254E+03
9.2802924E-01  5.6771E+03
9.3266939E-01  5.6293E+03
9.3733274E-01  5.5819E+03
9.4201940E-01  5.5349E+03
9.4672950E-01  5.4884E+03
9.5146315E-01  5.4423E+03
9.5622046E-01  5.3967E+03
9.6100156E-01  5.3514E+03
9.6580657E-01  5.3066E+03
9.7063560E-01  5.2622E+03
9.7548878E-01  5.2183E+03
9.8036623E-01  5.1747E+03
9.8526806E-01  5.1316E+03
9.9019440E-01  5.0889E+03
9.9514537E-01  5.0466E+03
1.0001211E+00  5.0044E+03
1.0051217E+00  4.9502E+03
1.0101473E+00  4.8967E+03
1.0151980E+00  4.8439E+03
1.0202740E+00  4.7917E+03
1.0253754E+00  4.7401E+03
1.0305023E+00  4.6891E+03
1.0356548E+00  4.6387E+03
1.0408331E+00  4.5890E+03
1.0460372E+00  4.5398E+03
1.0512674E+00  4.4912E+03
1.0565238E+00  4.4432E+03
1.0618064E+00  4.3957E+03
1.0671154E+00  4.3489E+03
1.0724510E+00  4.3025E+03
1.0778132E+00  4.2568E+03
1.0832023E+00  4.2116E+03
1.0886183E+00  4.1669E+03
1.0940614E+00  4.1224E+03
1.0995317E+00  4.0784E+03
1.1050294E+00  4.0349E+03
1.1105545E+00  3.9919E+03
1.1161073E+00  3.9494E+03
1.1216878E+00  3.9074E+03
1.1272963E+00  3.8660E+03
1.1329328E+00  3.8250E+03
1.1385974E+00  3.7845E+03
1.1442904E+00  3.7444E+03
1.1500119E+00  3.7049E+03
1.1557619E+00  3.6658E+03
1.1615407E+00  3.6271E+03
1.1673484E+00  3.5890E+03
1.1731852E+00  3.5512E+03
1.1790511E+00  3.5139E+03
1.1849464E+00  3.4771E+03
1.1908711E+00  3.4406E+03
1.1968254E+00  3.4046E+03
1.2028096E+00  3.3691E+03
1.2088236E+00  3.3339E+03
1.2148677E+00  3.2991E+03
1.2209421E+00  3.2648E+03
1.2270468E+00  3.2308E+03
1.2331820E+00  3.1973E+03
1.2393479E+00  3.1641E+03
1.2455447E+00  3.1313E+03
1.2517724E+00  3.0989E+03
1.2580312E+00  3.0669E+03
1.2643214E+00  3.0352E+03
1.2706430E+00  3.0040E+03
1.2769962E+00  2.9730E+03
1.2833812E+00  2.9425E+03
1.2897981E+00  2.9122E+03
1.2962471E+00  2.8822E+03
1.3027283E+00  2.8525E+03
1.3092420E+00  2.8232E+03
1.3157882E+00  2.7941E+03
1.3223671E+00  2.7654E+03
1.3289790E+00  2.7371E+03
1.3356239E+00  2.7090E+03
1.3423020E+00  2.6813E+03
1.3490135E+00  2.6539E+03
1.3557586E+00  2.6268E+03
1.3625374E+00  2.6000E+03
1.3693500E+00  2.5735E+03
1.3761968E+00  2.5473E+03
1.3830778E+00  2.5214E+03
1.3899932E+00  2.4959E+03
1.3969431E+00  2.4706E+03
1.4039278E+00  2.4455E+03
1.4109475E+00  2.4208E+03
1.4180022E+00  2.3964E+03
1.4250922E+00  2.3722E+03
1.4322177E+00  2.3483E+03
1.4393788E+00  2.3247E+03
1.4465757E+00  2.3013E+03
1.4538086E+00  2.2782E+03
1.4610776E+00  2.2554E+03
1.4683830E+00  2.2328E+03
1.4757249E+00  2.2105E+03
1.4831035E+00  2.1884E+03
1.4905190E+00  2.1666E+03
1.4979716E+00  2.1450E+03
1.5054615E+00  2.1236E+03
1.5129888E+00  2.1025E+03
1.5205537E+00  2.0816E+03
1.5281565E+00  2.0609E+03
1.5357973E+00  2.0404E+03
1.5434763E+00  2.0201E+03
1.5511937E+00  2.0001E+03
1.5589496E+00  1.9803E+03
1.5667444E+00  1.9607E+03
1.5745781E+00  1.9414E+03
1.5824510E+00  1.9222E+03
1.5903633E+00  1.9033E+03
1.5983151E+00  1.8845E+03
1.6063066E+00  1.8660E+03
1.6143382E+00  1.8477E+03
1.6224099E+00  1.8296E+03
1.6305219E+00  1.8116E+03
1.6386745E+00  1.7938E+03
1.6468679E+00  1.7763E+03
1.6551022E+00  1.7584E+03
1.6633777E+00  1.7400E+03
1.6716946E+00  1.7219E+03
1.6800531E+00  1.7040E+03
1.6884534E+00  1.6862E+03
1.6968956E+00  1.6687E+03
1.7053801E+00  1.6514E+03
1.7139070E+00  1.6342E+03
1.7224766E+00  1.6173E+03
1.7310889E+00  1.6005E+03
1.7397444E+00  1.5840E+03
1.7484431E+00  1.5669E+03
1.7571853E+00  1.5500E+03
1.7659712E+00  1.5333E+03
1.7748011E+00  1.5167E+03
1.7836751E+00  1.5004E+03
1.7925935E+00  1.4842E+03
1.8015565E+00  1.4683E+03
1.8105642E+00  1.4525E+03
1.8196171E+00  1.4369E+03
1.8287151E+00  1.4214E+03
1.8378587E+00  1.4062E+03
1.8470480E+00  1.3911E+03
1.8562833E+00  1.3762E+03
1.8655647E+00  1.3615E+03
1.8748925E+00  1.3470E+03
1.8842670E+00  1.3326E+03
1.8936883E+00  1.3184E+03
1.9031567E+00  1.3043E+03
1.9126725E+00  1.2904E+03
1.9222359E+00  1.2767E+03
1.9318471E+00  1.2631E+03
1.9415063E+00  1.2497E+03
1.9512138E+00  1.2364E+03
1.9609699E+00  1.2233E+03
1.9707747E+00  1.2103E+03
1.9806286E+00  1.1975E+03
1.9905318E+00  1.1848E+03
2.0004844E+00  1.1723E+03
2.0104868E+00  1.1599E+03
2.0205393E+00  1.1476E+03
2.0306420E+00  1.1355E+03
2.0407952E+00  1.1235E+03
2.0509992E+00  1.1117E+03
2.0612542E+00  1.0999E+03
2.0715604E+00  1.0884E+03
2.0819182E+00  1.0769E+03
2.0923278E+00  1.0656E+03
2.1027895E+00  1.0544E+03
2.1133034E+00  1.0434E+03
2.1238699E+00  1.0324E+03
2.1344893E+00  1.0216E+03
2.1451617E+00  1.0109E+03
2.1558875E+00  1.0003E+03
2.1666670E+00  9.8989E+02
2.1775003E+00  9.7956E+02
2.1883878E+00  9.6934E+02
2.1993297E+00  9.5924E+02
2.2103264E+00  9.4925E+02
2.2213780E+00  9.3937E+02
2.2324849E+00  9.2960E+02
2.2436473E+00  9.1995E+02
2.2548656E+00  9.1040E+02
2.2661399E+00  9.0095E+02
2.2774706E+00  8.9162E+02
2.2888579E+00  8.8238E+02
2.3003022E+00  8.7325E+02
2.3118037E+00  8.6423E+02
2.3233628E+00  8.5530E+02
2.3349796E+00  8.4647E+02
2.3466545E+00  8.3774E+02
2.3583878E+00  8.2911E+02
2.3701797E+00  8.2057E+02
2.3820306E+00  8.1213E+02
2.3939407E+00  8.0378E+02
2.4059104E+00  7.9553E+02
2.4179400E+00  7.8736E+02
2.4300297E+00  7.7929E+02
2.4421798E+00  7.7130E+02
2.4543907E+00  7.6341E+02
2.4666627E+00  7.5560E+02
2.4789960E+00  7.4788E+02
2.4833243E+00  7.4520E+02
2.4846756E+00  2.1328E+03
2.4913910E+00  2.1186E+03
2.5038479E+00  2.0926E+03
2.5163672E+00  2.0670E+03
2.5289490E+00  2.0417E+03
2.5415938E+00  2.0167E+03
2.5543017E+00  1.9920E+03
2.5670732E+00  1.9677E+03
2.5799086E+00  1.9436E+03
2.5848604E+00  1.9344E+03
2.5863394E+00  2.8168E+03
2.5928082E+00  2.7991E+03
2.6057722E+00  2.7638E+03
2.6188011E+00  2.7290E+03
2.6318951E+00  2.6947E+03
2.6450545E+00  2.6607E+03
2.6582798E+00  2.6273E+03
2.6715712E+00  2.5942E+03
2.6849291E+00  2.5616E+03
2.6983537E+00  2.5292E+03
2.7118455E+00  2.4973E+03
2.7254047E+00  2.4658E+03
2.7390317E+00  2.4347E+03
2.7527269E+00  2.4040E+03
2.7664905E+00  2.3738E+03
2.7803230E+00  2.3439E+03
2.7942246E+00  2.3143E+03
2.8081957E+00  2.2852E+03
2.8222367E+00  2.2564E+03
2.8363479E+00  2.2281E+03
2.8505296E+00  2.2000E+03
2.8647823E+00  2.1724E+03
2.8791062E+00  2.1451E+03
2.8935017E+00  2.1181E+03
2.9079692E+00  2.0915E+03
2.9225091E+00  2.0653E+03
2.9371216E+00  2.0394E+03
2.9518072E+00  2.0138E+03
2.9665662E+00  1.9885E+03
2.9813991E+00  1.9636E+03
2.9963061E+00  1.9390E+03
3.0112876E+00  1.9136E+03
3.0263440E+00  1.8882E+03
3.0414758E+00  1.8631E+03
3.0566831E+00  1.8384E+03
3.0632417E+00  1.8278E+03
3.0695584E+00  2.1369E+03
3.0719666E+00  2.1322E+03
3.0873264E+00  2.1032E+03
3.1027630E+00  2.0745E+03
3.1182768E+00  2.0463E+03
3.1338682E+00  2.0184E+03
3.1495376E+00  1.9909E+03
3.1652853E+00  1.9637E+03
3.1811117E+00  1.9370E+03
3.1970172E+00  1.9106E+03
3.2130023E+00  1.8845E+03
3.2290673E+00  1.8597E+03
3.2452127E+00  1.8352E+03
3.2614387E+00  1.8111E+03
3.2777459E+00  1.7874E+03
3.2941347E+00  1.7640E+03
3.3106053E+00  1.7410E+03
3.3271584E+00  1.7184E+03
3.3437941E+00  1.6961E+03
3.3605131E+00  1.6742E+03
3.3773157E+00  1.6524E+03
3.3942023E+00  1.6310E+03
3.4111733E+00  1.6098E+03
3.4282291E+00  1.5890E+03
3.4453703E+00  1.5685E+03
3.4625971E+00  1.5483E+03
3.4799101E+00  1.5284E+03
3.4973097E+00  1.5088E+03
3.5147962E+00  1.4894E+03
3.5323702E+00  1.4704E+03
3.5490108E+00  1.4527E+03
3.5500321E+00  1.4516E+03
3.5593891E+00  1.5437E+03
3.5677822E+00  1.5341E+03
3.5856211E+00  1.5142E+03
3.6035492E+00  1.4945E+03
3.6215670E+00  1.4750E+03
3.6396748E+00  1.4559E+03
3.6578732E+00  1.4371E+03
3.6761626E+00  1.4185E+03
3.6945434E+00  1.4001E+03
3.7130161E+00  1.3821E+03
3.7315812E+00  1.3643E+03
3.7502391E+00  1.3473E+03
3.7689903E+00  1.3305E+03
3.7878352E+00  1.3139E+03
3.8067744E+00  1.2977E+03
3.8258083E+00  1.2816E+03
3.8424209E+00  1.2679E+03
3.8449373E+00  1.2658E+03
3.8589789E+00  1.3102E+03
3.8641620E+00  1.3059E+03
3.8834828E+00  1.2902E+03
3.9029002E+00  1.2748E+03
3.9224147E+00  1.2596E+03
3.9420268E+00  1.2445E+03
3.9617369E+00  1.2297E+03
3.9815456E+00  1.2151E+03
4.0014533E+00  1.2005E+03
4.0214606E+00  1.1860E+03
4.0415679E+00  1.1717E+03
4.0617757E+00  1.1576E+03
4.0820846E+00  1.1436E+03
4.1024950E+00  1.1298E+03
4.1230075E+00  1.1163E+03
4.1436226E+00  1.1028E+03
4.1643407E+00  1.0896E+03
4.1851624E+00  1.0766E+03
4.2060882E+00  1.0637E+03
4.2271186E+00  1.0509E+03
4.2482542E+00  1.0384E+03
4.2694955E+00  1.0260E+03
4.2908430E+00  1.0137E+03
4.3122972E+00  1.0017E+03
4.3338587E+00  9.8972E+02
4.3555280E+00  9.7793E+02
4.3773056E+00  9.6630E+02
4.3991921E+00  9.5481E+02
4.4211881E+00  9.4346E+02
4.4432940E+00  9.3226E+02
4.4655105E+00  9.2119E+02
4.4878381E+00  9.1027E+02
4.5102772E+00  8.9947E+02
4.5328286E+00  8.8881E+02
4.5554928E+00  8.7828E+02
4.5782702E+00  8.6788E+02
4.6011616E+00  8.5761E+02
4.6241674E+00  8.4743E+02
4.6472882E+00  8.3725E+02
4.6705247E+00  8.2719E+02
4.6938773E+00  8.1725E+02
4.7173467E+00  8.0743E+02
4.7409334E+00  7.9773E+02
4.7646381E+00  7.8815E+02
4.7884613E+00  7.7868E+02
4.8124036E+00  7.6933E+02
4.8364656E+00  7.6009E+02
4.8606479E+00  7.5096E+02
4.8849512E+00  7.4194E+02
4.9093759E+00  7.3303E+02
4.9339228E+00  7.2422E+02
4.9585924E+00  7.1553E+02
4.9833854E+00  7.0676E+02
5.0083023E+00  6.9800E+02
5.0333438E+00  6.8933E+02
5.0585105E+00  6.8076E+02
5.0838031E+00  6.7231E+02
5.1092221E+00  6.6396E+02
5.1347682E+00  6.5572E+02
5.1604421E+00  6.4759E+02
5.1862443E+00  6.3946E+02
5.2121755E+00  6.3137E+02
5.2382364E+00  6.2339E+02
5.2644276E+00  6.1551E+02
5.2907497E+00  6.0774E+02
5.3172034E+00  6.0006E+02
5.3437895E+00  5.9249E+02
5.3705084E+00  5.8502E+02
5.3973609E+00  5.7764E+02
5.4243477E+00  5.7036E+02
5.4514695E+00  5.6318E+02
5.4787268E+00  5.5609E+02
5.5061205E+00  5.4910E+02
5.5336511E+00  5.4219E+02
5.5613193E+00  5.3538E+02
5.5891259E+00  5.2866E+02
5.6170716E+00  5.2202E+02
5.6451569E+00  5.1548E+02
5.6733827E+00  5.0902E+02
5.7017496E+00  5.0264E+02
5.7302584E+00  4.9635E+02
5.7589096E+00  4.9014E+02
5.7877042E+00  4.8402E+02
5.8166427E+00  4.7797E+02
5.8457259E+00  4.7201E+02
5.8749546E+00  4.6612E+02
5.9043293E+00  4.6031E+02
5.9338510E+00  4.5458E+02
5.9635202E+00  4.4893E+02
5.9933378E+00  4.4334E+02
6.0233045E+00  4.3784E+02
6.0534210E+00  4.3240E+02
6.0836882E+00  4.2704E+02
6.1141066E+00  4.2175E+02
6.1446771E+00  4.1650E+02
6.1754005E+00  4.1127E+02
6.2062775E+00  4.0611E+02
6.2373089E+00  4.0101E+02
6.2684954E+00  3.9599E+02
6.2998379E+00  3.9103E+02
6.3313371E+00  3.8614E+02
6.3629938E+00  3.8131E+02
6.3948088E+00  3.7655E+02
6.4267828E+00  3.7185E+02
6.4589167E+00  3.6721E+02
6.4912113E+00  3.6263E+02
6.5236674E+00  3.5812E+02
6.5562857E+00  3.5366E+02
6.5890671E+00  3.4926E+02
6.6220125E+00  3.4493E+02
6.6551225E+00  3.4064E+02
6.6883981E+00  3.3642E+02
6.7218401E+00  3.3225E+02
6.7554493E+00  3.2813E+02
6.7892266E+00  3.2407E+02
6.8231727E+00  3.2007E+02
6.8572886E+00  3.1611E+02
6.8915750E+00  3.1221E+02
6.9260329E+00  3.0836E+02
6.9606631E+00  3.0456E+02
6.9954664E+00  3.0081E+02
7.0304437E+00  2.9711E+02
7.0655959E+00  2.9346E+02
7.1009239E+00  2.8986E+02
7.1364285E+00  2.8628E+02
7.1721107E+00  2.8274E+02
7.2079712E+00  2.7924E+02
7.2440111E+00  2.7580E+02
7.2802311E+00  2.7239E+02
7.3166323E+00  2.6903E+02
7.3532155E+00  2.6572E+02
7.3899815E+00  2.6245E+02
7.4269314E+00  2.5922E+02
7.4640661E+00  2.5603E+02
7.5013864E+00  2.5288E+02
7.5388934E+00  2.4978E+02
7.5765878E+00  2.4672E+02
7.6144708E+00  2.4369E+02
7.6525431E+00  2.4071E+02
7.6908058E+00  2.3776E+02
7.7292599E+00  2.3484E+02
7.7679062E+00  2.3195E+02
7.8067457E+00  2.2909E+02
7.8457794E+00  2.2627E+02
7.8850083E+00  2.2348E+02
7.9244334E+00  2.2072E+02
7.9640555E+00  2.1801E+02
8.0038758E+00  2.1533E+02
8.0438952E+00  2.1268E+02
8.0841147E+00  2.1007E+02
8.1245352E+00  2.0749E+02
8.1651579E+00  2.0495E+02
8.2059837E+00  2.0243E+02
8.2470136E+00  1.9994E+02
8.2882487E+00  1.9748E+02
8.3296899E+00  1.9506E+02
8.3713384E+00  1.9266E+02
8.4131951E+00  1.9030E+02
8.4552610E+00  1.8797E+02
8.4975373E+00  1.8567E+02
8.5400250E+00  1.8340E+02
9.030794E+00  1.5931E+02
9.653919E+00  1.3331E+02
1.032004E+01  1.1174E+02
1.103212E+01  9.3698E+01
1.179334E+01  7.8453E+01
1.260708E+01  6.5761E+01
1.277450E+01  6.3517E+01
1.297002E+01  6.1034E+01
1.302216E+01  6.0396E+01
1.310038E+01  1.5461E+02
1.329590E+01  1.4858E+02
1.347697E+01  1.4325E+02
1.440688E+01  1.1942E+02
1.489600E+01  1.0897E+02
1.512400E+01  1.0453E+02
1.518480E+01  1.0338E+02
1.527600E+01  1.4307E+02
1.540095E+01  1.3996E+02
1.550400E+01  1.3745E+02
1.554358E+01  1.3651E+02
1.578150E+01  1.3100E+02
1.584494E+01  1.2958E+02
1.594010E+01  1.4771E+02
1.617802E+01  1.4224E+02
1.646362E+01  1.3605E+02
1.759961E+01  1.1458E+02
1.881398E+01  9.6409E+01
2.011215E+01  8.1116E+01
2.149988E+01  6.8193E+01
2.298338E+01  5.7342E+01
2.456923E+01  4.8243E+01
2.626450E+01  4.0607E+01
2.807676E+01  3.3920E+01
3.001405E+01  2.8297E+01
3.208502E+01  2.3581E+01
3.429889E+01  1.9613E+01
3.666551E+01  1.6325E+01
3.919543E+01  1.3600E+01
4.189992E+01  1.1337E+01
4.479101E+01  9.4586E+00
4.788159E+01  7.8974E+00
5.118542E+01  6.5988E+00
5.471721E+01  5.5177E+00
5.849270E+01  4.6109E+00
6.252870E+01  3.8521E+00
6.684318E+01  3.2195E+00
7.145536E+01  2.6838E+00
7.638578E+01  2.2356E+00
8.165640E+01  1.8581E+00
8.624441E+01  1.5898E+00
8.729069E+01  1.5362E+00
8.756448E+01  1.5225E+00
8.791650E+01  1.5053E+00
8.844452E+01  7.1232E+00
8.976459E+01  6.8582E+00
9.331374E+01  6.2080E+00
9.975239E+01  5.2253E+00
1.066353E+02  4.3907E+00
1.139931E+02  3.6871E+00
1.218587E+02  3.0954E+00
1.302669E+02  2.5951E+00
1.392553E+02  2.1741E+00
1.488640E+02  1.8212E+00
1.591356E+02  1.5256E+00
1.701159E+02  1.2781E+00
1.818539E+02  1.0709E+00
1.944018E+02  8.9680E-01
2.078156E+02  7.5105E-01
2.221548E+02  6.2905E-01
2.374835E+02  5.2693E-01
2.538699E+02  4.4143E-01
2.713869E+02  3.6984E-01
2.901126E+02  3.0989E-01
3.101304E+02  2.5968E-01
3.315294E+02  2.1762E-01
3.544049E+02  1.8239E-01
3.788588E+02  1.5288E-01
4.050001E+02  1.2815E-01
4.329451E+02  1.0743E-01