Pm (Z = 61) Atomic weight: Ar = 145.0000 g mol-1   Nominal density:   ? (g cm-3) = 7.2000
sigma(barns/atom) = [mue/rho](cm2 g-1)  ×  2.40778E+02
E(eV) [mue/rho](cm2 g-1) = f2(e atom-1)  ×  2.90209E+05
18 edges. Edge energies (keV):
K      4.51840E+01  
L I    7.42790E+00  
L II   7.01280E+00  
L III  6.45930E+00 
M I    1.64650E+00  
M II   1.47140E+00  
M III  1.35690E+00  
M IV   1.05150E+00 
M V    1.02690E+00  
N I    3.30400E-01  
N II   2.54400E-01  
N III  2.36000E-01 
N IV   1.20400E-01  
N V    1.20400E-01  
N VI   4.00000E-03  
O I    3.75000E-02 
O II   2.11000E-02  
O III  2.11000E-02 
Data
E/keV            [mue/rho]Photoelectric/cm2g-1
1.069000E-02  6.5808E+03
1.142761E-02  6.9181E+03
1.221612E-02  7.2775E+03
1.305903E-02  7.6616E+03
1.396010E-02  8.0726E+03
1.492335E-02  8.5124E+03
1.595306E-02  8.9826E+03
1.705382E-02  9.4814E+03
1.823053E-02  1.0006E+04
1.948844E-02  1.0554E+04
2.067800E-02  1.1060E+04
2.083314E-02  1.1124E+04
2.099450E-02  1.1192E+04
2.107890E-02  1.1227E+04
2.120550E-02  2.1475E+05
2.152200E-02  2.0407E+05
2.227063E-02  1.8160E+05
2.380730E-02  1.4504E+05
2.545001E-02  1.1496E+05
2.720606E-02  9.0865E+04
2.908327E-02  7.2251E+04
3.109002E-02  5.8252E+04
3.323523E-02  4.7927E+04
3.552846E-02  4.0418E+04
3.675000E-02  3.7455E+04
3.731250E-02  3.6277E+04
3.746250E-02  3.5981E+04
3.768750E-02  3.5715E+04
3.797993E-02  3.5180E+04
3.825000E-02  3.4709E+04
4.060054E-02  3.1348E+04
4.340198E-02  2.8632E+04
4.639671E-02  2.6709E+04
4.959809E-02  2.5343E+04
5.302035E-02  2.4365E+04
5.667876E-02  2.3648E+04
6.058959E-02  2.3105E+04
6.477028E-02  2.2671E+04
6.923942E-02  2.2301E+04
7.401695E-02  2.1962E+04
7.912411E-02  2.0889E+04
8.458368E-02  1.9608E+04
9.041995E-02  1.8337E+04
9.665893E-02  1.7078E+04
1.0000000E-01  1.6444E+04
1.0050000E-01  1.6351E+04
1.0100250E-01  1.6258E+04
1.0150751E-01  1.6166E+04
1.0201505E-01  1.6074E+04
1.0252513E-01  1.5982E+04
1.0303775E-01  1.5890E+04
1.0355294E-01  1.5798E+04
1.0407070E-01  1.5707E+04
1.0459106E-01  1.5615E+04
1.0511401E-01  1.5524E+04
1.0563958E-01  1.5433E+04
1.0616778E-01  1.5342E+04
1.0669862E-01  1.5251E+04
1.0723211E-01  1.5160E+04
1.0776827E-01  1.5070E+04
1.0830712E-01  1.4979E+04
1.0884865E-01  1.4889E+04
1.0939289E-01  1.4799E+04
1.0993986E-01  1.4709E+04
1.1048956E-01  1.4620E+04
1.1104201E-01  1.4530E+04
1.1159722E-01  1.4441E+04
1.1215520E-01  1.4352E+04
1.1271598E-01  1.4263E+04
1.1327956E-01  1.4175E+04
1.1384596E-01  1.4086E+04
1.1441519E-01  1.3998E+04
1.1498726E-01  1.3910E+04
1.1556220E-01  1.3822E+04
1.1614001E-01  1.3735E+04
1.1672071E-01  1.3647E+04
1.1730431E-01  1.3560E+04
1.1789083E-01  1.3473E+04
1.1848029E-01  1.3387E+04
1.1907269E-01  1.3300E+04
1.1966805E-01  1.3214E+04
1.2026639E-01  1.3128E+04
1.2038579E-01  1.3111E+04
1.2041420E-01  7.3387E+04
1.2086772E-01  7.0092E+04
1.2147206E-01  6.5987E+04
1.2207942E-01  6.2165E+04
1.2268982E-01  5.8607E+04
1.2330327E-01  5.5294E+04
1.2391979E-01  5.2209E+04
1.2453939E-01  4.9335E+04
1.2516208E-01  4.6658E+04
1.2578789E-01  4.4164E+04
1.2641683E-01  4.1841E+04
1.2704892E-01  3.9675E+04
1.2768416E-01  3.7656E+04
1.2832258E-01  3.5774E+04
1.2896419E-01  3.4019E+04
1.2960902E-01  3.2382E+04
1.3025706E-01  3.0855E+04
1.3090835E-01  2.9430E+04
1.3156289E-01  2.8100E+04
1.3222070E-01  2.6859E+04
1.3288181E-01  2.5702E+04
1.3354621E-01  2.4641E+04
1.3421395E-01  2.3669E+04
1.3488502E-01  2.2775E+04
1.3555944E-01  2.1953E+04
1.3623724E-01  2.1196E+04
1.3691842E-01  2.0495E+04
1.3760302E-01  1.9847E+04
1.3829103E-01  1.9247E+04
1.3898249E-01  1.8689E+04
1.3967740E-01  1.8169E+04
1.4037579E-01  1.7685E+04
1.4107766E-01  1.7232E+04
1.4178305E-01  1.6809E+04
1.4249197E-01  1.6412E+04
1.4320443E-01  1.6039E+04
1.4392045E-01  1.5689E+04
1.4464005E-01  1.5358E+04
1.4536325E-01  1.5047E+04
1.4609007E-01  1.4752E+04
1.4682052E-01  1.4473E+04
1.4755462E-01  1.4208E+04
1.4829239E-01  1.3957E+04
1.4903386E-01  1.3718E+04
1.4977903E-01  1.3490E+04
1.5052792E-01  1.3273E+04
1.5128056E-01  1.3066E+04
1.5203696E-01  1.2867E+04
1.5279715E-01  1.2677E+04
1.5356113E-01  1.2495E+04
1.5432894E-01  1.2320E+04
1.5510058E-01  1.2151E+04
1.5587609E-01  1.1989E+04
1.5665547E-01  1.1833E+04
1.5743875E-01  1.1683E+04
1.5822594E-01  1.1537E+04
1.5901707E-01  1.1397E+04
1.5981215E-01  1.1261E+04
1.6061121E-01  1.1129E+04
1.6141427E-01  1.1001E+04
1.6222134E-01  1.0878E+04
1.6303245E-01  1.0757E+04
1.6384761E-01  1.0641E+04
1.6466685E-01  1.0527E+04
1.6549018E-01  1.0416E+04
1.6631763E-01  1.0309E+04
1.6714922E-01  1.0204E+04
1.6798497E-01  1.0101E+04
1.6882489E-01  1.0002E+04
1.6966902E-01  9.9043E+03
1.7051736E-01  9.8091E+03
1.7136995E-01  9.7161E+03
1.7222680E-01  9.6252E+03
1.7308793E-01  9.5363E+03
1.7395337E-01  9.4492E+03
1.7482314E-01  9.3640E+03
1.7569726E-01  9.2806E+03
1.7657574E-01  9.1988E+03
1.7745862E-01  9.1187E+03
1.7834591E-01  9.0401E+03
1.7923764E-01  8.9630E+03
1.8013383E-01  8.8875E+03
1.8103450E-01  8.8133E+03
1.8193967E-01  8.7405E+03
1.8284937E-01  8.6690E+03
1.8376362E-01  8.5988E+03
1.8468244E-01  8.5299E+03
1.8560585E-01  8.4622E+03
1.8653388E-01  8.3956E+03
1.8746655E-01  8.3302E+03
1.8840388E-01  8.2660E+03
1.8934590E-01  8.2028E+03
1.9029263E-01  8.1407E+03
1.9124409E-01  8.0796E+03
1.9220031E-01  8.0196E+03
1.9316131E-01  7.9605E+03
1.9412712E-01  7.9024E+03
1.9509776E-01  7.8453E+03
1.9607325E-01  7.7891E+03
1.9705361E-01  7.7339E+03
1.9803888E-01  7.6795E+03
1.9902907E-01  7.6260E+03
2.0002422E-01  7.5734E+03
2.0102434E-01  7.5216E+03
2.0202946E-01  7.4707E+03
2.0303961E-01  7.4206E+03
2.0405481E-01  7.3713E+03
2.0507508E-01  7.3228E+03
2.0610046E-01  7.2751E+03
2.0713096E-01  7.2282E+03
2.0816661E-01  7.1820E+03
2.0920745E-01  7.1366E+03
2.1025348E-01  7.0920E+03
2.1130475E-01  7.0480E+03
2.1236128E-01  7.0048E+03
2.1342308E-01  6.9623E+03
2.1449020E-01  6.9205E+03
2.1556265E-01  6.8794E+03
2.1664046E-01  6.8390E+03
2.1772366E-01  6.7993E+03
2.1881228E-01  6.7602E+03
2.1990634E-01  6.7218E+03
2.2100588E-01  6.6841E+03
2.2211090E-01  6.6470E+03
2.2322146E-01  6.6105E+03
2.2433757E-01  6.5747E+03
2.2545925E-01  6.5395E+03
2.2658655E-01  6.5049E+03
2.2771948E-01  6.4709E+03
2.2885808E-01  6.4376E+03
2.3000237E-01  6.4048E+03
2.3115238E-01  6.3726E+03
2.3230814E-01  6.3410E+03
2.3346969E-01  6.3099E+03
2.3463703E-01  6.2795E+03
2.3581022E-01  6.2496E+03
2.3585864E-01  6.2483E+03
2.3614137E-01  7.5069E+03
2.3698927E-01  7.4849E+03
2.3817422E-01  7.4547E+03
2.3936509E-01  7.4251E+03
2.4056191E-01  7.3960E+03
2.4176472E-01  7.3674E+03
2.4297355E-01  7.3393E+03
2.4418841E-01  7.3118E+03
2.4540936E-01  7.2847E+03
2.4663640E-01  7.2582E+03
2.4786959E-01  7.2321E+03
2.4910893E-01  7.2066E+03
2.5035448E-01  7.1815E+03
2.5160625E-01  7.1569E+03
2.5286428E-01  7.1327E+03
2.5412860E-01  7.1090E+03
2.5423287E-01  7.1071E+03
2.5456716E-01  7.4773E+03
2.5539925E-01  7.4621E+03
2.5667624E-01  7.4391E+03
2.5795962E-01  7.4166E+03
2.5924942E-01  7.3946E+03
2.6054567E-01  7.3729E+03
2.6184840E-01  7.3516E+03
2.6315764E-01  7.3307E+03
2.6447343E-01  7.3102E+03
2.6579579E-01  7.2900E+03
2.6712477E-01  7.2701E+03
2.6846040E-01  7.2506E+03
2.6980270E-01  7.2314E+03
2.7115171E-01  7.2126E+03
2.7250747E-01  7.1940E+03
2.7387001E-01  7.1758E+03
2.7523936E-01  7.1578E+03
2.7661556E-01  7.1402E+03
2.7799863E-01  7.1228E+03
2.7938863E-01  7.1057E+03
2.8078557E-01  7.0889E+03
2.8218950E-01  7.0723E+03
2.8360044E-01  7.0560E+03
2.8501845E-01  7.0399E+03
2.8644354E-01  7.0240E+03
2.8787576E-01  7.0083E+03
2.8931514E-01  6.9929E+03
2.9076171E-01  6.9777E+03
2.9221552E-01  6.9626E+03
2.9367660E-01  6.9478E+03
2.9514498E-01  6.9331E+03
2.9662071E-01  6.9186E+03
2.9810381E-01  6.9043E+03
2.9959433E-01  6.8901E+03
3.0109230E-01  6.8760E+03
3.0259776E-01  6.8621E+03
3.0411075E-01  6.8483E+03
3.0563130E-01  6.8347E+03
3.0715946E-01  6.8211E+03
3.0869526E-01  6.8077E+03
3.1023873E-01  6.7943E+03
3.1178993E-01  6.7811E+03
3.1334888E-01  6.7679E+03
3.1491562E-01  6.7548E+03
3.1649020E-01  6.7417E+03
3.1807265E-01  6.7287E+03
3.1966301E-01  6.7158E+03
3.2126133E-01  6.7029E+03
3.2286764E-01  6.6900E+03
3.2448197E-01  6.6772E+03
3.2610438E-01  6.6643E+03
3.2773491E-01  6.6515E+03
3.2937358E-01  6.6387E+03
3.3005637E-01  6.6333E+03
3.3074361E-01  7.0864E+03
3.3102045E-01  7.0840E+03
3.3267555E-01  7.0699E+03
3.3433893E-01  7.0557E+03
3.3601062E-01  7.0415E+03
3.3769068E-01  7.0273E+03
3.3937913E-01  7.0130E+03
3.4107602E-01  6.9987E+03
3.4278140E-01  6.9844E+03
3.4449531E-01  6.9700E+03
3.4621779E-01  6.9555E+03
3.4794888E-01  6.9409E+03
3.4968862E-01  6.9263E+03
3.5143706E-01  6.9116E+03
3.5319425E-01  6.8968E+03
3.5496022E-01  6.8819E+03
3.5673502E-01  6.8670E+03
3.5851870E-01  6.8519E+03
3.6031129E-01  6.8367E+03
3.6211285E-01  6.8214E+03
3.6392341E-01  6.8060E+03
3.6574303E-01  6.7904E+03
3.6757174E-01  6.7747E+03
3.6940960E-01  6.7588E+03
3.7125665E-01  6.7428E+03
3.7311293E-01  6.7267E+03
3.7497850E-01  6.7103E+03
3.7685339E-01  6.6938E+03
3.7873766E-01  6.6772E+03
3.8063135E-01  6.6604E+03
3.8253450E-01  6.6434E+03
3.8444718E-01  6.6262E+03
3.8636941E-01  6.6088E+03
3.8830126E-01  6.5913E+03
3.9024276E-01  6.5735E+03
3.9219398E-01  6.5556E+03
3.9415495E-01  6.5375E+03
3.9612572E-01  6.5192E+03
3.9810635E-01  6.5007E+03
4.0009688E-01  6.4820E+03
4.0209737E-01  6.4630E+03
4.0410785E-01  6.4439E+03
4.0612839E-01  6.4246E+03
4.0815904E-01  6.4050E+03
4.1019983E-01  6.3853E+03
4.1225083E-01  6.3654E+03
4.1431208E-01  6.3453E+03
4.1638364E-01  6.3249E+03
4.1846556E-01  6.3044E+03
4.2055789E-01  6.2837E+03
4.2266068E-01  6.2628E+03
4.2477398E-01  6.2417E+03
4.2689785E-01  6.2204E+03
4.2903234E-01  6.1988E+03
4.3117750E-01  6.1771E+03
4.3333339E-01  6.1552E+03
4.3550006E-01  6.1331E+03
4.3767756E-01  6.1109E+03
4.3986595E-01  6.0884E+03
4.4206528E-01  6.0657E+03
4.4427560E-01  6.0429E+03
4.4649698E-01  6.0198E+03
4.4872947E-01  5.9966E+03
4.5097311E-01  5.9732E+03
4.5322798E-01  5.9496E+03
4.5549412E-01  5.9258E+03
4.5777159E-01  5.9018E+03
4.6006045E-01  5.8777E+03
4.6236075E-01  5.8534E+03
4.6467255E-01  5.8290E+03
4.6699592E-01  5.8043E+03
4.6933090E-01  5.7795E+03
4.7167755E-01  5.7546E+03
4.7403594E-01  5.7294E+03
4.7640612E-01  5.7042E+03
4.7878815E-01  5.6787E+03
4.8118209E-01  5.6531E+03
4.8358800E-01  5.6274E+03
4.8600594E-01  5.6015E+03
4.8843597E-01  5.5753E+03
4.9087815E-01  5.5490E+03
4.9333254E-01  5.5225E+03
4.9579920E-01  5.4958E+03
4.9827820E-01  5.4690E+03
5.0076959E-01  5.4419E+03
5.0327344E-01  5.4148E+03
5.0578980E-01  5.3874E+03
5.0831875E-01  5.3600E+03
5.1086035E-01  5.3323E+03
5.1341465E-01  5.3046E+03
5.1598172E-01  5.2767E+03
5.1856163E-01  5.2487E+03
5.2115444E-01  5.2205E+03
5.2376021E-01  5.1923E+03
5.2637901E-01  5.1639E+03
5.2901091E-01  5.1355E+03
5.3165596E-01  5.1069E+03
5.3431424E-01  5.0783E+03
5.3698581E-01  5.0495E+03
5.3967074E-01  5.0207E+03
5.4236910E-01  4.9918E+03
5.4508094E-01  4.9628E+03
5.4780635E-01  4.9338E+03
5.5054538E-01  4.9047E+03
5.5329810E-01  4.8756E+03
5.5606460E-01  4.8464E+03
5.5884492E-01  4.8172E+03
5.6163914E-01  4.7879E+03
5.6444734E-01  4.7586E+03
5.6726958E-01  4.7293E+03
5.7010592E-01  4.6999E+03
5.7295645E-01  4.6705E+03
5.7582123E-01  4.6411E+03
5.7870034E-01  4.6118E+03
5.8159384E-01  4.5824E+03
5.8450181E-01  4.5530E+03
5.8742432E-01  4.5236E+03
5.9036144E-01  4.4942E+03
5.9331325E-01  4.4648E+03
5.9627982E-01  4.4355E+03
5.9926122E-01  4.4061E+03
6.0225752E-01  4.3768E+03
6.0526881E-01  4.3476E+03
6.0829515E-01  4.3183E+03
6.1133663E-01  4.2892E+03
6.1439331E-01  4.2600E+03
6.1746528E-01  4.2309E+03
6.2055260E-01  4.2019E+03
6.2365537E-01  4.1729E+03
6.2677364E-01  4.1439E+03
6.2990751E-01  4.1151E+03
6.3305705E-01  4.0862E+03
6.3622234E-01  4.0575E+03
6.3940345E-01  4.0288E+03
6.4260046E-01  4.0002E+03
6.4581347E-01  3.9717E+03
6.4904253E-01  3.9433E+03
6.5228775E-01  3.9149E+03
6.5554919E-01  3.8867E+03
6.5882693E-01  3.8585E+03
6.6212107E-01  3.8304E+03
6.6543167E-01  3.8024E+03
6.6875883E-01  3.7745E+03
6.7210262E-01  3.7468E+03
6.7546314E-01  3.7191E+03
6.7884045E-01  3.6915E+03
6.8223466E-01  3.6640E+03
6.8564583E-01  3.6367E+03
6.8907406E-01  3.6094E+03
6.9251943E-01  3.5823E+03
6.9598202E-01  3.5552E+03
6.9946194E-01  3.5283E+03
7.0295924E-01  3.5016E+03
7.0647404E-01  3.4749E+03
7.1000641E-01  3.4483E+03
7.1355644E-01  3.4219E+03
7.1712423E-01  3.3956E+03
7.2070985E-01  3.3694E+03
7.2431340E-01  3.3433E+03
7.2793496E-01  3.3174E+03
7.3157464E-01  3.2916E+03
7.3523251E-01  3.2660E+03
7.3890867E-01  3.2404E+03
7.4260322E-01  3.2150E+03
7.4631623E-01  3.1898E+03
7.5004781E-01  3.1647E+03
7.5379805E-01  3.1397E+03
7.5756704E-01  3.1149E+03
7.6135488E-01  3.0902E+03
7.6516165E-01  3.0656E+03
7.6898746E-01  3.0412E+03
7.7283240E-01  3.0169E+03
7.7669656E-01  2.9928E+03
7.8058004E-01  2.9688E+03
7.8448294E-01  2.9450E+03
7.8840536E-01  2.9213E+03
7.9234738E-01  2.8977E+03
7.9630912E-01  2.8743E+03
8.0029067E-01  2.8511E+03
8.0429212E-01  2.8279E+03
8.0831358E-01  2.8050E+03
8.1235515E-01  2.7822E+03
8.1641693E-01  2.7595E+03
8.2049901E-01  2.7370E+03
8.2460150E-01  2.7146E+03
8.2872451E-01  2.6924E+03
8.3286813E-01  2.6703E+03
8.3703248E-01  2.6483E+03
8.4121764E-01  2.6266E+03
8.4542373E-01  2.6049E+03
8.4965084E-01  2.5834E+03
8.5389910E-01  2.5621E+03
8.5816859E-01  2.5409E+03
8.6245944E-01  2.5198E+03
8.6677173E-01  2.4989E+03
8.7110559E-01  2.4782E+03
8.7546112E-01  2.4576E+03
8.7983843E-01  2.4371E+03
8.8423762E-01  2.4168E+03
8.8865881E-01  2.3966E+03
8.9310210E-01  2.3766E+03
8.9756761E-01  2.3567E+03
9.0205545E-01  2.3370E+03
9.0656573E-01  2.3174E+03
9.1109856E-01  2.2980E+03
9.1565405E-01  2.2787E+03
9.2023232E-01  2.2595E+03
9.2483348E-01  2.2405E+03
9.2945765E-01  2.2216E+03
9.3410494E-01  2.2029E+03
9.3877546E-01  2.1843E+03
9.4346934E-01  2.1658E+03
9.4818668E-01  2.1475E+03
9.5292762E-01  2.1294E+03
9.5769226E-01  2.1113E+03
9.6248072E-01  2.0934E+03
9.6729312E-01  2.0757E+03
9.7212959E-01  2.0581E+03
9.7699023E-01  2.0406E+03
9.8187519E-01  2.0232E+03
9.8678456E-01  2.0060E+03
9.9171848E-01  1.9890E+03
9.9667708E-01  1.9720E+03
1.0016605E+00  1.9540E+03
1.0066688E+00  1.9336E+03
1.0117021E+00  1.9134E+03
1.0167606E+00  1.8934E+03
1.0218444E+00  1.8735E+03
1.0267933E+00  1.8543E+03
1.0269536E+00  7.4973E+03
1.0270069E+00  7.4963E+03
1.0320884E+00  7.4025E+03
1.0372489E+00  7.3090E+03
1.0424351E+00  7.2167E+03
1.0476473E+00  7.1255E+03
1.0513391E+00  7.0619E+03
1.0516608E+00  1.0677E+04
1.0528855E+00  1.0645E+04
1.0581499E+00  1.0509E+04
1.0634407E+00  1.0375E+04
1.0687579E+00  1.0242E+04
1.0741017E+00  1.0111E+04
1.0794722E+00  9.9823E+03
1.0848695E+00  9.8549E+03
1.0902939E+00  9.7291E+03
1.0957454E+00  9.6049E+03
1.1012241E+00  9.4823E+03
1.1067302E+00  9.3613E+03
1.1122639E+00  9.2419E+03
1.1178252E+00  9.1240E+03
1.1234143E+00  9.0076E+03
1.1290314E+00  8.8928E+03
1.1346765E+00  8.7794E+03
1.1403499E+00  8.6674E+03
1.1460517E+00  8.5569E+03
1.1517819E+00  8.4479E+03
1.1575408E+00  8.3402E+03
1.1633285E+00  8.2340E+03
1.1691452E+00  8.1290E+03
1.1749909E+00  8.0255E+03
1.1808659E+00  7.9233E+03
1.1867702E+00  7.8224E+03
1.1927040E+00  7.7228E+03
1.1986676E+00  7.6245E+03
1.2046609E+00  7.5274E+03
1.2106842E+00  7.4316E+03
1.2167376E+00  7.3370E+03
1.2228213E+00  7.2437E+03
1.2289354E+00  7.1515E+03
1.2350801E+00  7.0605E+03
1.2412555E+00  6.9707E+03
1.2474618E+00  6.8821E+03
1.2536991E+00  6.7946E+03
1.2599676E+00  6.7082E+03
1.2662674E+00  6.6230E+03
1.2725988E+00  6.5388E+03
1.2789618E+00  6.4557E+03
1.2853566E+00  6.3737E+03
1.2917833E+00  6.2927E+03
1.2982423E+00  6.2128E+03
1.3047335E+00  6.1339E+03
1.3112571E+00  6.0560E+03
1.3178134E+00  5.9792E+03
1.3244025E+00  5.9032E+03
1.3310245E+00  5.8282E+03
1.3376796E+00  5.7544E+03
1.3443680E+00  5.6819E+03
1.3510899E+00  5.6103E+03
1.3559325E+00  5.5595E+03
1.3578453E+00  6.4854E+03
1.3578674E+00  6.4851E+03
1.3646345E+00  6.4004E+03
1.3714577E+00  6.3166E+03
1.3783150E+00  6.2341E+03
1.3852066E+00  6.1526E+03
1.3921326E+00  6.0723E+03
1.3990933E+00  5.9930E+03
1.4060887E+00  5.9148E+03
1.4131192E+00  5.8377E+03
1.4201848E+00  5.7615E+03
1.4272857E+00  5.6885E+03
1.4344221E+00  5.6186E+03
1.4415942E+00  5.5498E+03
1.4488022E+00  5.4822E+03
1.4560462E+00  5.4156E+03
1.4633265E+00  5.3500E+03
1.4703391E+00  5.2882E+03
1.4706431E+00  5.2855E+03
1.4724609E+00  5.6352E+03
1.4779963E+00  5.5829E+03
1.4853863E+00  5.5144E+03
1.4928132E+00  5.4469E+03
1.5002773E+00  5.3805E+03
1.5077787E+00  5.3150E+03
1.5153176E+00  5.2506E+03
1.5228942E+00  5.1870E+03
1.5305086E+00  5.1244E+03
1.5381612E+00  5.0628E+03
1.5458520E+00  5.0024E+03
1.5535812E+00  4.9444E+03
1.5613491E+00  4.8872E+03
1.5691559E+00  4.8310E+03
1.5770017E+00  4.7756E+03
1.5848867E+00  4.7211E+03
1.5928111E+00  4.6673E+03
1.6007752E+00  4.6144E+03
1.6087790E+00  4.5623E+03
1.6168229E+00  4.5109E+03
1.6249070E+00  4.4603E+03
1.6330316E+00  4.4104E+03
1.6411967E+00  4.3612E+03
1.6442772E+00  4.3429E+03
1.6487228E+00  4.5235E+03
1.6494027E+00  4.5194E+03
1.6576497E+00  4.4698E+03
1.6659380E+00  4.4208E+03
1.6742677E+00  4.3725E+03
1.6826390E+00  4.3249E+03
1.6910522E+00  4.2779E+03
1.6995075E+00  4.2314E+03
1.7080050E+00  4.1856E+03
1.7165450E+00  4.1404E+03
1.7251278E+00  4.0957E+03
1.7337534E+00  4.0517E+03
1.7424222E+00  4.0083E+03
1.7511343E+00  3.9655E+03
1.7598899E+00  3.9232E+03
1.7686894E+00  3.8807E+03
1.7775328E+00  3.8381E+03
1.7864205E+00  3.7960E+03
1.7953526E+00  3.7544E+03
1.8043294E+00  3.7133E+03
1.8133510E+00  3.6727E+03
1.8224178E+00  3.6326E+03
1.8315299E+00  3.5928E+03
1.8406875E+00  3.5536E+03
1.8498909E+00  3.5148E+03
1.8591404E+00  3.4764E+03
1.8684361E+00  3.4384E+03
1.8777783E+00  3.4009E+03
1.8871672E+00  3.3638E+03
1.8966030E+00  3.3271E+03
1.9060860E+00  3.2908E+03
1.9156165E+00  3.2547E+03
1.9251945E+00  3.2186E+03
1.9348205E+00  3.1829E+03
1.9444946E+00  3.1475E+03
1.9542171E+00  3.1126E+03
1.9639882E+00  3.0780E+03
1.9738081E+00  3.0438E+03
1.9836772E+00  3.0099E+03
1.9935955E+00  2.9765E+03
2.0035635E+00  2.9434E+03
2.0135813E+00  2.9106E+03
2.0236492E+00  2.8782E+03
2.0337675E+00  2.8462E+03
2.0439363E+00  2.8145E+03
2.0541560E+00  2.7831E+03
2.0644268E+00  2.7512E+03
2.0747489E+00  2.7196E+03
2.0851227E+00  2.6883E+03
2.0955483E+00  2.6575E+03
2.1060260E+00  2.6268E+03
2.1165562E+00  2.5960E+03
2.1271389E+00  2.5656E+03
2.1377746E+00  2.5356E+03
2.1484635E+00  2.5058E+03
2.1592058E+00  2.4763E+03
2.1700018E+00  2.4471E+03
2.1808519E+00  2.4183E+03
2.1917561E+00  2.3899E+03
2.2027149E+00  2.3617E+03
2.2137285E+00  2.3339E+03
2.2247971E+00  2.3065E+03
2.2359211E+00  2.2793E+03
2.2471007E+00  2.2525E+03
2.2583362E+00  2.2259E+03
2.2696279E+00  2.1994E+03
2.2809760E+00  2.1732E+03
2.2923809E+00  2.1473E+03
2.3038428E+00  2.1216E+03
2.3153620E+00  2.0963E+03
2.3269388E+00  2.0713E+03
2.3385735E+00  2.0466E+03
2.3502664E+00  2.0222E+03
2.3620177E+00  1.9981E+03
2.3738278E+00  1.9743E+03
2.3856970E+00  1.9508E+03
2.3976254E+00  1.9275E+03
2.4096136E+00  1.9046E+03
2.4216616E+00  1.8819E+03
2.4337699E+00  1.8595E+03
2.4459388E+00  1.8374E+03
2.4581685E+00  1.8156E+03
2.4704593E+00  1.7940E+03
2.4828116E+00  1.7727E+03
2.4952257E+00  1.7517E+03
2.5077018E+00  1.7309E+03
2.5202403E+00  1.7104E+03
2.5328415E+00  1.6901E+03
2.5455057E+00  1.6701E+03
2.5582333E+00  1.6503E+03
2.5710244E+00  1.6308E+03
2.5838796E+00  1.6115E+03
2.5967990E+00  1.5925E+03
2.6097829E+00  1.5737E+03
2.6228319E+00  1.5552E+03
2.6359460E+00  1.5368E+03
2.6491257E+00  1.5187E+03
2.6623714E+00  1.5009E+03
2.6756832E+00  1.4832E+03
2.6890617E+00  1.4658E+03
2.7025070E+00  1.4486E+03
2.7160195E+00  1.4316E+03
2.7295996E+00  1.4146E+03
2.7432476E+00  1.3978E+03
2.7569638E+00  1.3812E+03
2.7707486E+00  1.3649E+03
2.7846024E+00  1.3487E+03
2.7985254E+00  1.3327E+03
2.8125180E+00  1.3170E+03
2.8265806E+00  1.3014E+03
2.8407135E+00  1.2861E+03
2.8549171E+00  1.2709E+03
2.8691917E+00  1.2559E+03
2.8835376E+00  1.2411E+03
2.8979553E+00  1.2265E+03
2.9124451E+00  1.2121E+03
2.9270073E+00  1.1978E+03
2.9416424E+00  1.1838E+03
2.9563506E+00  1.1698E+03
2.9711323E+00  1.1560E+03
2.9859880E+00  1.1423E+03
3.0009179E+00  1.1288E+03
3.0159225E+00  1.1141E+03
3.0310021E+00  1.0997E+03
3.0461571E+00  1.0854E+03
3.0613879E+00  1.0714E+03
3.0766949E+00  1.0575E+03
3.0920783E+00  1.0438E+03
3.1075387E+00  1.0303E+03
3.1230764E+00  1.0170E+03
3.1386918E+00  1.0039E+03
3.1543853E+00  9.9093E+02
3.1701572E+00  9.7815E+02
3.1860080E+00  9.6555E+02
3.2019380E+00  9.5312E+02
3.2179477E+00  9.4086E+02
3.2340374E+00  9.2876E+02
3.2502076E+00  9.1682E+02
3.2664587E+00  9.0505E+02
3.2827910E+00  8.9343E+02
3.2992049E+00  8.8195E+02
3.3157009E+00  8.7059E+02
3.3322794E+00  8.5938E+02
3.3489408E+00  8.4832E+02
3.3656856E+00  8.3741E+02
3.3825140E+00  8.2665E+02
3.3994265E+00  8.1604E+02
3.4164237E+00  8.0556E+02
3.4335058E+00  7.9523E+02
3.4506733E+00  7.8503E+02
3.4679267E+00  7.7497E+02
3.4852663E+00  7.6505E+02
3.5026927E+00  7.5526E+02
3.5202061E+00  7.4560E+02
3.5378072E+00  7.3607E+02
3.5554962E+00  7.2667E+02
3.5732737E+00  7.1739E+02
3.5911400E+00  7.0824E+02
3.6090957E+00  6.9921E+02
3.6271412E+00  6.9030E+02
3.6452769E+00  6.8151E+02
3.6635033E+00  6.7284E+02
3.6818208E+00  6.6428E+02
3.7002299E+00  6.5584E+02
3.7187311E+00  6.4751E+02
3.7373247E+00  6.3929E+02
3.7560114E+00  6.3118E+02
3.7747914E+00  6.2318E+02
3.7936654E+00  6.1528E+02
3.8126337E+00  6.0749E+02
3.8316969E+00  5.9980E+02
3.8508554E+00  5.9221E+02
3.8701096E+00  5.8473E+02
3.8894602E+00  5.7734E+02
3.9089075E+00  5.7005E+02
3.9284520E+00  5.6286E+02
3.9480943E+00  5.5577E+02
3.9678347E+00  5.4876E+02
3.9876739E+00  5.4185E+02
4.055024E+00  5.1931E+02
4.334821E+00  4.3881E+02
4.633924E+00  3.6995E+02
4.953664E+00  3.1120E+02
5.295467E+00  2.6223E+02
5.660855E+00  2.2139E+02
6.051453E+00  1.8682E+02
6.330114E+00  1.6639E+02
6.427004E+00  1.5998E+02
6.452841E+00  1.5831E+02
6.469004E+00  4.7257E+02
6.491597E+00  4.6756E+02
6.588486E+00  4.4688E+02
6.872544E+00  3.9416E+02
6.915365E+00  3.8737E+02
6.977736E+00  3.7783E+02
7.005787E+00  3.7366E+02
7.047864E+00  5.1203E+02
7.153056E+00  4.9046E+02
7.279342E+00  4.6628E+02
7.392525E+00  4.4633E+02
7.420472E+00  4.4176E+02
7.465039E+00  5.0314E+02
7.576458E+00  4.8456E+02
7.902609E+00  4.3594E+02
8.447890E+00  3.6882E+02
9.030794E+00  3.1067E+02
9.653919E+00  2.5976E+02
1.032004E+01  2.1708E+02
1.103212E+01  1.8156E+02
1.179334E+01  1.5200E+02
1.260708E+01  1.2736E+02
1.347697E+01  1.0650E+02
1.440688E+01  8.8903E+01
1.540095E+01  7.4037E+01
1.646362E+01  6.1614E+01
1.759961E+01  5.1320E+01
1.881398E+01  4.2784E+01
2.011215E+01  3.5699E+01
2.149988E+01  2.9814E+01
2.298338E+01  2.4919E+01
2.456923E+01  2.0845E+01
2.626450E+01  1.7454E+01
2.807676E+01  1.4516E+01
3.001405E+01  1.2019E+01
3.208502E+01  9.9491E+00
3.429889E+01  8.2058E+00
3.666551E+01  6.7684E+00
3.919543E+01  5.5857E+00
4.189992E+01  4.6133E+00
4.428032E+01  3.9399E+00
4.479101E+01  3.8132E+00
4.495808E+01  3.7730E+00
4.513881E+01  3.7301E+00
4.540992E+01  2.1537E+01
4.608768E+01  2.0734E+01
4.788159E+01  1.8793E+01
5.118542E+01  1.5773E+01
5.471721E+01  1.3221E+01
5.849270E+01  1.1076E+01
6.252870E+01  9.2594E+00
6.684318E+01  7.7388E+00
7.145536E+01  6.4675E+00
7.638578E+01  5.4046E+00
8.165640E+01  4.5102E+00
8.729069E+01  3.7529E+00
9.331374E+01  3.1174E+00
9.975239E+01  2.5845E+00
1.066353E+02  2.1429E+00
1.139931E+02  1.7769E+00
1.218587E+02  1.4736E+00
1.302669E+02  1.2221E+00
1.392553E+02  1.0136E+00
1.488640E+02  8.4080E-01
1.591356E+02  6.9749E-01
1.701159E+02  5.7865E-01
1.818539E+02  4.8009E-01
1.944018E+02  3.9835E-01
2.078156E+02  3.3143E-01
2.221548E+02  2.7586E-01
2.374835E+02  2.2962E-01
2.538699E+02  1.9114E-01
2.713869E+02  1.5912E-01
2.901126E+02  1.3247E-01
3.101304E+02  1.1029E-01
3.315294E+02  9.1832E-02
3.544049E+02  7.6466E-02
3.788588E+02  6.3674E-02
4.050001E+02  5.3024E-02
4.329451E+02  4.4158E-02