Pt (Z = 78) Atomic weight: Ar = 195.0800 g mol-1   Nominal density:   ? (g cm-3) = 2.1410E+01
sigma(barns/atom) = [mue/rho](cm2 g-1)  ×  3.23938E+02
E(eV) [mue/rho](cm2 g-1) = f2(e atom-1)  ×  2.15708E+05
21 edges. Edge energies (keV):
K      7.83948E+01  
L I    1.38799E+01  
L II   1.32726E+01  
L III  1.15637E+01 
M I    3.29600E+00  
M II   3.02650E+00  
M III  2.64540E+00  
M IV   2.20190E+00 
M V    2.12160E+00  
N I    7.22000E-01  
N II   6.09200E-01  
N III  5.19000E-01 
N IV   3.30800E-01  
N V    3.13300E-01  
N VI   7.43000E-02  
N VII  7.11000E-02 
O I    1.01700E-01  
O II   6.53000E-02  
O III  5.17000E-02  
O IV   7.43991E-03 
O V    6.12538E-03 
Data
E/keV            [mue/rho]Photoelectric/cm2g-1
6.156007E-03  4.0474E+04
6.247887E-03  3.9638E+04
7.291108E-03  3.3428E+04
7.402706E-03  3.3345E+04
7.432466E-03  3.3339E+04
7.477105E-03  6.0636E+04
7.588704E-03  5.9765E+04
1.069000E-02  7.4256E+04
1.142761E-02  8.3433E+04
1.221612E-02  9.3785E+04
1.305903E-02  1.0484E+05
1.396010E-02  1.1599E+05
1.492335E-02  1.2654E+05
1.595306E-02  1.3569E+05
1.705382E-02  1.4268E+05
1.823053E-02  1.4685E+05
1.948844E-02  1.4775E+05
2.083314E-02  1.4520E+05
2.227063E-02  1.3935E+05
2.380730E-02  1.3062E+05
2.545001E-02  1.1965E+05
2.720606E-02  1.0717E+05
2.908327E-02  9.4012E+04
3.109002E-02  8.0908E+04
3.323523E-02  6.8426E+04
3.552846E-02  5.7012E+04
3.797993E-02  4.6920E+04
4.060054E-02  3.8238E+04
4.340198E-02  3.0932E+04
4.639671E-02  2.4894E+04
4.959809E-02  1.9973E+04
5.066600E-02  1.8611E+04
5.144150E-02  1.7696E+04
5.164830E-02  1.7462E+04
5.195850E-02  3.4762E+04
5.273400E-02  3.3023E+04
5.302035E-02  3.2410E+04
5.667876E-02  2.5731E+04
6.058959E-02  2.0414E+04
6.399400E-02  1.6878E+04
6.477028E-02  1.6187E+04
6.497350E-02  1.6013E+04
6.523470E-02  1.5792E+04
6.562650E-02  2.1854E+04
6.660600E-02  2.0937E+04
6.923942E-02  1.8742E+04
6.967800E-02  1.8411E+04
7.074450E-02  1.7642E+04
7.102890E-02  1.7446E+04
7.145550E-02  1.9026E+04
7.252200E-02  1.8234E+04
7.281400E-02  1.8023E+04
7.392850E-02  1.7241E+04
7.401695E-02  1.7181E+04
7.422570E-02  1.7039E+04
7.467150E-02  1.7927E+04
7.578600E-02  1.7148E+04
7.912411E-02  1.5026E+04
8.458368E-02  1.2274E+04
9.041995E-02  1.0177E+04
9.665893E-02  8.6311E+03
9.966600E-02  8.0833E+03
1.011915E-01  7.8465E+03
1.015983E-01  7.7876E+03
1.022085E-01  7.8881E+03
1.033284E-01  7.7422E+03
1.037340E-01  7.6924E+03
1.104581E-01  7.0791E+03
1.180797E-01  6.7926E+03
1.262272E-01  6.8537E+03
1.349368E-01  7.2236E+03
1.442475E-01  7.8894E+03
1.542005E-01  8.8227E+03
1.648404E-01  9.9757E+03
1.762144E-01  1.1292E+04
1.883732E-01  1.2699E+04
2.013709E-01  1.4107E+04
2.152655E-01  1.5424E+04
2.301188E-01  1.6559E+04
2.459970E-01  1.7435E+04
2.629708E-01  1.7997E+04
2.811158E-01  1.8218E+04
3.005128E-01  1.8084E+04
3.070340E-01  1.7962E+04
3.117335E-01  1.7854E+04
3.129867E-01  1.7822E+04
3.148665E-01  1.8161E+04
3.195660E-01  1.8045E+04
3.212482E-01  1.8000E+04
3.241840E-01  1.7919E+04
3.291460E-01  1.7771E+04
3.304692E-01  1.7729E+04
3.324540E-01  1.7944E+04
3.374160E-01  1.7788E+04
3.434143E-01  1.7588E+04
3.671099E-01  1.6707E+04
3.924405E-01  1.5674E+04
4.195189E-01  1.4554E+04
4.484657E-01  1.3398E+04
4.794098E-01  1.2248E+04
5.0000000E-01  1.1539E+04
5.0250000E-01  1.1457E+04
5.0501250E-01  1.1374E+04
5.0753756E-01  1.1292E+04
5.1007525E-01  1.1210E+04
5.1262563E-01  1.1129E+04
5.1518875E-01  1.1047E+04
5.1776470E-01  1.0966E+04
5.1833567E-01  1.0948E+04
5.1966431E-01  1.1596E+04
5.2035352E-01  1.1574E+04
5.2295529E-01  1.1491E+04
5.2557007E-01  1.1409E+04
5.2819792E-01  1.1327E+04
5.3083891E-01  1.1245E+04
5.3349310E-01  1.1164E+04
5.3616057E-01  1.1083E+04
5.3884137E-01  1.1003E+04
5.4153558E-01  1.0922E+04
5.4424325E-01  1.0843E+04
5.4696447E-01  1.0763E+04
5.4969929E-01  1.0684E+04
5.5244779E-01  1.0606E+04
5.5521003E-01  1.0527E+04
5.5798608E-01  1.0449E+04
5.6077601E-01  1.0372E+04
5.6357989E-01  1.0295E+04
5.6639779E-01  1.0218E+04
5.6922978E-01  1.0142E+04
5.7207593E-01  1.0066E+04
5.7493630E-01  9.9905E+03
5.7781099E-01  9.9154E+03
5.8070004E-01  9.8407E+03
5.8360354E-01  9.7664E+03
5.8652156E-01  9.6924E+03
5.8945417E-01  9.6189E+03
5.9240144E-01  9.5458E+03
5.9536345E-01  9.4731E+03
5.9834026E-01  9.4008E+03
6.0133196E-01  9.3289E+03
6.0433862E-01  9.2574E+03
6.0736032E-01  9.1863E+03
6.0832884E-01  9.1637E+03
6.1007116E-01  9.2569E+03
6.1039712E-01  9.2493E+03
6.1344910E-01  9.1790E+03
6.1651635E-01  9.1091E+03
6.1959893E-01  9.0396E+03
6.2269693E-01  8.9704E+03
6.2581041E-01  8.9017E+03
6.2893946E-01  8.8334E+03
6.3208416E-01  8.7656E+03
6.3524458E-01  8.6981E+03
6.3842080E-01  8.6310E+03
6.4161291E-01  8.5643E+03
6.4482097E-01  8.4980E+03
6.4804508E-01  8.4322E+03
6.5128530E-01  8.3667E+03
6.5454173E-01  8.3017E+03
6.5781444E-01  8.2370E+03
6.6110351E-01  8.1728E+03
6.6440903E-01  8.1089E+03
6.6773107E-01  8.0455E+03
6.7106973E-01  7.9824E+03
6.7442508E-01  7.9198E+03
6.7779720E-01  7.8575E+03
6.8118619E-01  7.7957E+03
6.8459212E-01  7.7342E+03
6.8801508E-01  7.6732E+03
6.9145515E-01  7.6125E+03
6.9491243E-01  7.5522E+03
6.9838699E-01  7.4923E+03
7.0187893E-01  7.4328E+03
7.0538832E-01  7.3737E+03
7.0891526E-01  7.3150E+03
7.1245984E-01  7.2566E+03
7.1602214E-01  7.1987E+03
7.1960225E-01  7.1411E+03
7.2085202E-01  7.1211E+03
7.2320026E-01  7.2436E+03
7.2681626E-01  7.1863E+03
7.3045034E-01  7.1293E+03
7.3410260E-01  7.0728E+03
7.3777311E-01  7.0166E+03
7.4146197E-01  6.9607E+03
7.4516928E-01  6.9053E+03
7.4889513E-01  6.8502E+03
7.5263961E-01  6.7955E+03
7.5640280E-01  6.7412E+03
7.6018482E-01  6.6872E+03
7.6398574E-01  6.6336E+03
7.6780567E-01  6.5804E+03
7.7164470E-01  6.5275E+03
7.7550292E-01  6.4750E+03
7.7938044E-01  6.4229E+03
7.8327734E-01  6.3711E+03
7.8719373E-01  6.3197E+03
7.9112969E-01  6.2686E+03
7.9508534E-01  6.2179E+03
7.9906077E-01  6.1676E+03
8.0305607E-01  6.1176E+03
8.0707135E-01  6.0679E+03
8.1110671E-01  6.0186E+03
8.1516224E-01  5.9696E+03
8.1923806E-01  5.9209E+03
8.2333425E-01  5.8726E+03
8.2745092E-01  5.8247E+03
8.3158817E-01  5.7770E+03
8.3574611E-01  5.7297E+03
8.3992484E-01  5.6828E+03
8.4412447E-01  5.6361E+03
8.4834509E-01  5.5898E+03
8.5258682E-01  5.5438E+03
8.5684975E-01  5.4982E+03
8.6113400E-01  5.4529E+03
8.6543967E-01  5.4079E+03
8.6976687E-01  5.3632E+03
8.7411570E-01  5.3188E+03
8.7848628E-01  5.2747E+03
8.8287871E-01  5.2308E+03
8.8729310E-01  5.1872E+03
8.9172957E-01  5.1439E+03
8.9618822E-01  5.1009E+03
9.0066916E-01  5.0582E+03
9.0517250E-01  5.0158E+03
9.0969837E-01  4.9738E+03
9.1424686E-01  4.9320E+03
9.1881809E-01  4.8906E+03
9.2341218E-01  4.8494E+03
9.2802924E-01  4.8086E+03
9.3266939E-01  4.7680E+03
9.3733274E-01  4.7278E+03
9.4201940E-01  4.6878E+03
9.4672950E-01  4.6482E+03
9.5146315E-01  4.6089E+03
9.5622046E-01  4.5698E+03
9.6100156E-01  4.5311E+03
9.6580657E-01  4.4926E+03
9.7063560E-01  4.4544E+03
9.7548878E-01  4.4165E+03
9.8036623E-01  4.3789E+03
9.8526806E-01  4.3416E+03
9.9019440E-01  4.3045E+03
9.9514537E-01  4.2677E+03
1.0001211E+00  4.2311E+03
1.0051217E+00  4.1898E+03
1.0101473E+00  4.1489E+03
1.0151980E+00  4.1083E+03
1.0202740E+00  4.0682E+03
1.0253754E+00  4.0284E+03
1.0305023E+00  3.9890E+03
1.0356548E+00  3.9497E+03
1.0408331E+00  3.9109E+03
1.0460372E+00  3.8724E+03
1.0512674E+00  3.8344E+03
1.0565238E+00  3.7966E+03
1.0618064E+00  3.7593E+03
1.0671154E+00  3.7223E+03
1.0724510E+00  3.6856E+03
1.0778132E+00  3.6494E+03
1.0832023E+00  3.6134E+03
1.0886183E+00  3.5778E+03
1.0940614E+00  3.5426E+03
1.0995317E+00  3.5077E+03
1.1050294E+00  3.4732E+03
1.1105545E+00  3.4390E+03
1.1161073E+00  3.4051E+03
1.1216878E+00  3.3716E+03
1.1272963E+00  3.3384E+03
1.1329328E+00  3.3055E+03
1.1385974E+00  3.2730E+03
1.1442904E+00  3.2408E+03
1.1500119E+00  3.2089E+03
1.1557619E+00  3.1773E+03
1.1615407E+00  3.1461E+03
1.1673484E+00  3.1151E+03
1.1731852E+00  3.0845E+03
1.1790511E+00  3.0542E+03
1.1849464E+00  3.0242E+03
1.1908711E+00  2.9945E+03
1.1968254E+00  2.9651E+03
1.2028096E+00  2.9360E+03
1.2088236E+00  2.9072E+03
1.2148677E+00  2.8786E+03
1.2209421E+00  2.8504E+03
1.2270468E+00  2.8224E+03
1.2331820E+00  2.7946E+03
1.2393479E+00  2.7671E+03
1.2455447E+00  2.7399E+03
1.2517724E+00  2.7130E+03
1.2580312E+00  2.6851E+03
1.2643214E+00  2.6572E+03
1.2706430E+00  2.6295E+03
1.2769962E+00  2.6022E+03
1.2833812E+00  2.5752E+03
1.2897981E+00  2.5484E+03
1.2962471E+00  2.5220E+03
1.3027283E+00  2.4958E+03
1.3092420E+00  2.4700E+03
1.3157882E+00  2.4444E+03
1.3223671E+00  2.4191E+03
1.3289790E+00  2.3932E+03
1.3356239E+00  2.3675E+03
1.3423020E+00  2.3410E+03
1.3490135E+00  2.3148E+03
1.3557586E+00  2.2889E+03
1.3625374E+00  2.2633E+03
1.3693500E+00  2.2381E+03
1.3761968E+00  2.2131E+03
1.3830778E+00  2.1885E+03
1.3899932E+00  2.1642E+03
1.3969431E+00  2.1399E+03
1.4039278E+00  2.1154E+03
1.4109475E+00  2.0912E+03
1.4180022E+00  2.0673E+03
1.4250922E+00  2.0437E+03
1.4322177E+00  2.0204E+03
1.4393788E+00  1.9974E+03
1.4465757E+00  1.9747E+03
1.4538086E+00  1.9523E+03
1.4610776E+00  1.9301E+03
1.4683830E+00  1.9083E+03
1.4757249E+00  1.8867E+03
1.4831035E+00  1.8654E+03
1.4905190E+00  1.8443E+03
1.4979716E+00  1.8236E+03
1.5054615E+00  1.8030E+03
1.5129888E+00  1.7828E+03
1.5205537E+00  1.7628E+03
1.5281565E+00  1.7430E+03
1.5357973E+00  1.7235E+03
1.5434763E+00  1.7042E+03
1.5511937E+00  1.6852E+03
1.5589496E+00  1.6664E+03
1.5667444E+00  1.6478E+03
1.5745781E+00  1.6295E+03
1.5824510E+00  1.6114E+03
1.5903633E+00  1.5935E+03
1.5983151E+00  1.5759E+03
1.6063066E+00  1.5584E+03
1.6143382E+00  1.5412E+03
1.6224099E+00  1.5242E+03
1.6305219E+00  1.5074E+03
1.6386745E+00  1.4908E+03
1.6468679E+00  1.4744E+03
1.6551022E+00  1.4582E+03
1.6633777E+00  1.4422E+03
1.6716946E+00  1.4264E+03
1.6800531E+00  1.4108E+03
1.6884534E+00  1.3954E+03
1.6968956E+00  1.3801E+03
1.7053801E+00  1.3651E+03
1.7139070E+00  1.3502E+03
1.7224766E+00  1.3355E+03
1.7310889E+00  1.3210E+03
1.7397444E+00  1.3067E+03
1.7484431E+00  1.2926E+03
1.7571853E+00  1.2786E+03
1.7659712E+00  1.2648E+03
1.7748011E+00  1.2511E+03
1.7836751E+00  1.2376E+03
1.7925935E+00  1.2243E+03
1.8015565E+00  1.2111E+03
1.8105642E+00  1.1981E+03
1.8196171E+00  1.1853E+03
1.8287151E+00  1.1726E+03
1.8378587E+00  1.1600E+03
1.8470480E+00  1.1476E+03
1.8562833E+00  1.1354E+03
1.8655647E+00  1.1233E+03
1.8748925E+00  1.1113E+03
1.8842670E+00  1.0995E+03
1.8936883E+00  1.0878E+03
1.9031567E+00  1.0763E+03
1.9126725E+00  1.0649E+03
1.9222359E+00  1.0536E+03
1.9318471E+00  1.0425E+03
1.9415063E+00  1.0315E+03
1.9512138E+00  1.0206E+03
1.9609699E+00  1.0098E+03
1.9707747E+00  9.9921E+02
1.9806286E+00  9.8871E+02
1.9905318E+00  9.7833E+02
2.0004844E+00  9.6807E+02
2.0104868E+00  9.5794E+02
2.0205393E+00  9.4792E+02
2.0306420E+00  9.3801E+02
2.0407952E+00  9.2823E+02
2.0509992E+00  9.1855E+02
2.0612542E+00  9.0899E+02
2.0715604E+00  8.9954E+02
2.0819182E+00  8.9009E+02
2.0923278E+00  8.8066E+02
2.1027895E+00  8.7135E+02
2.1133034E+00  8.6214E+02
2.1210653E+00  8.5544E+02
2.1221346E+00  2.6145E+03
2.1238699E+00  2.6093E+03
2.1344893E+00  2.5779E+03
2.1451617E+00  2.5469E+03
2.1558875E+00  2.5162E+03
2.1666670E+00  2.4860E+03
2.1775003E+00  2.4561E+03
2.1883878E+00  2.4266E+03
2.1993297E+00  2.3974E+03
2.2011954E+00  2.3925E+03
2.2026046E+00  3.5109E+03
2.2103264E+00  3.4809E+03
2.2213780E+00  3.4385E+03
2.2324849E+00  3.3967E+03
2.2436473E+00  3.3553E+03
2.2548656E+00  3.3145E+03
2.2661399E+00  3.2742E+03
2.2774706E+00  3.2344E+03
2.2888579E+00  3.1951E+03
2.3003022E+00  3.1563E+03
2.3118037E+00  3.1180E+03
2.3233628E+00  3.0801E+03
2.3349796E+00  3.0427E+03
2.3466545E+00  3.0058E+03
2.3583878E+00  2.9694E+03
2.3701797E+00  2.9333E+03
2.3820306E+00  2.8978E+03
2.3939407E+00  2.8627E+03
2.4059104E+00  2.8280E+03
2.4179400E+00  2.7937E+03
2.4300297E+00  2.7599E+03
2.4421798E+00  2.7264E+03
2.4543907E+00  2.6933E+03
2.4666627E+00  2.6607E+03
2.4789960E+00  2.6284E+03
2.4913910E+00  2.5965E+03
2.5038479E+00  2.5650E+03
2.5163672E+00  2.5339E+03
2.5289490E+00  2.5032E+03
2.5415938E+00  2.4729E+03
2.5543017E+00  2.4430E+03
2.5670732E+00  2.4134E+03
2.5799086E+00  2.3842E+03
2.5928082E+00  2.3553E+03
2.6057722E+00  2.3268E+03
2.6188011E+00  2.2987E+03
2.6318951E+00  2.2709E+03
2.6429266E+00  2.2479E+03
2.6450545E+00  2.2435E+03
2.6478735E+00  2.6177E+03
2.6582798E+00  2.5928E+03
2.6715712E+00  2.5614E+03
2.6849291E+00  2.5305E+03
2.6983537E+00  2.4999E+03
2.7118455E+00  2.4697E+03
2.7254047E+00  2.4399E+03
2.7390317E+00  2.4104E+03
2.7527269E+00  2.3813E+03
2.7664905E+00  2.3522E+03
2.7803230E+00  2.3235E+03
2.7942246E+00  2.2960E+03
2.8081957E+00  2.2688E+03
2.8222367E+00  2.2421E+03
2.8363479E+00  2.2157E+03
2.8505296E+00  2.1897E+03
2.8647823E+00  2.1640E+03
2.8791062E+00  2.1383E+03
2.8935017E+00  2.1130E+03
2.9079692E+00  2.0880E+03
2.9225091E+00  2.0633E+03
2.9371216E+00  2.0389E+03
2.9518072E+00  2.0148E+03
2.9665662E+00  1.9910E+03
2.9813991E+00  1.9675E+03
2.9963061E+00  1.9443E+03
3.0112876E+00  1.9200E+03
3.0221418E+00  1.9023E+03
3.0263440E+00  1.8956E+03
3.0308581E+00  2.0145E+03
3.0414758E+00  1.9964E+03
3.0566831E+00  1.9709E+03
3.0719666E+00  1.9458E+03
3.0873264E+00  1.9210E+03
3.1027630E+00  1.8964E+03
3.1182768E+00  1.8722E+03
3.1338682E+00  1.8483E+03
3.1495376E+00  1.8247E+03
3.1652853E+00  1.8014E+03
3.1811117E+00  1.7785E+03
3.1970172E+00  1.7562E+03
3.2130023E+00  1.7342E+03
3.2290673E+00  1.7125E+03
3.2452127E+00  1.6911E+03
3.2614387E+00  1.6700E+03
3.2777459E+00  1.6492E+03
3.2891773E+00  1.6348E+03
3.2941347E+00  1.6286E+03
3.3028227E+00  1.6898E+03
3.3106053E+00  1.6800E+03
3.3271584E+00  1.6595E+03
3.3437941E+00  1.6393E+03
3.3605131E+00  1.6193E+03
3.3773157E+00  1.5996E+03
3.3942023E+00  1.5802E+03
3.4111733E+00  1.5610E+03
3.4282291E+00  1.5421E+03
3.4453703E+00  1.5234E+03
3.4625971E+00  1.5048E+03
3.4799101E+00  1.4865E+03
3.4973097E+00  1.4684E+03
3.5147962E+00  1.4506E+03
3.5323702E+00  1.4330E+03
3.5500321E+00  1.4156E+03
3.5677822E+00  1.3985E+03
3.5856211E+00  1.3815E+03
3.6035492E+00  1.3649E+03
3.6215670E+00  1.3484E+03
3.6396748E+00  1.3321E+03
3.6578732E+00  1.3161E+03
3.6761626E+00  1.3003E+03
3.6945434E+00  1.2846E+03
3.7130161E+00  1.2692E+03
3.7315812E+00  1.2540E+03
3.7502391E+00  1.2389E+03
3.7689903E+00  1.2241E+03
3.7878352E+00  1.2094E+03
3.8067744E+00  1.1950E+03
3.8258083E+00  1.1807E+03
3.8449373E+00  1.1666E+03
3.8641620E+00  1.1527E+03
3.8834828E+00  1.1390E+03
3.9029002E+00  1.1254E+03
3.9224147E+00  1.1120E+03
3.9420268E+00  1.0987E+03
3.9617369E+00  1.0855E+03
3.9815456E+00  1.0724E+03
4.0014533E+00  1.0595E+03
4.0214606E+00  1.0468E+03
4.0415679E+00  1.0342E+03
4.0617757E+00  1.0218E+03
4.0820846E+00  1.0096E+03
4.1024950E+00  9.9745E+02
4.1230075E+00  9.8549E+02
4.1436226E+00  9.7367E+02
4.1643407E+00  9.6201E+02
4.1851624E+00  9.5049E+02
4.2060882E+00  9.3911E+02
4.2271186E+00  9.2787E+02
4.2482542E+00  9.1667E+02
4.2694955E+00  9.0530E+02
4.2908430E+00  8.9406E+02
4.3122972E+00  8.8295E+02
4.3338587E+00  8.7198E+02
4.3555280E+00  8.6115E+02
4.3773056E+00  8.5046E+02
4.3991921E+00  8.3991E+02
4.4211881E+00  8.2930E+02
4.4432940E+00  8.1878E+02
4.4655105E+00  8.0839E+02
4.4878381E+00  7.9815E+02
4.5102772E+00  7.8804E+02
4.5328286E+00  7.7807E+02
4.5554928E+00  7.6823E+02
4.5782702E+00  7.5852E+02
4.6011616E+00  7.4895E+02
4.6241674E+00  7.3950E+02
4.6472882E+00  7.3017E+02
4.6705247E+00  7.2097E+02
4.6938773E+00  7.1189E+02
4.7173467E+00  7.0293E+02
4.7409334E+00  6.9410E+02
4.7646381E+00  6.8538E+02
4.7884613E+00  6.7677E+02
4.8124036E+00  6.6828E+02
4.8364656E+00  6.5990E+02
4.8606479E+00  6.5163E+02
4.8849512E+00  6.4348E+02
4.9093759E+00  6.3543E+02
4.9339228E+00  6.2749E+02
4.9585924E+00  6.1965E+02
4.9833854E+00  6.1192E+02
5.0083023E+00  6.0428E+02
5.0333438E+00  5.9675E+02
5.0585105E+00  5.8932E+02
5.0838031E+00  5.8199E+02
5.1092221E+00  5.7476E+02
5.1347682E+00  5.6762E+02
5.1604421E+00  5.6057E+02
5.1862443E+00  5.5362E+02
5.2121755E+00  5.4676E+02
5.2382364E+00  5.3999E+02
5.2644276E+00  5.3331E+02
5.2907497E+00  5.2672E+02
5.3172034E+00  5.2005E+02
5.3437895E+00  5.1347E+02
5.3705084E+00  5.0698E+02
5.3973609E+00  5.0058E+02
5.4243477E+00  4.9426E+02
5.4514695E+00  4.8803E+02
5.4787268E+00  4.8188E+02
5.5061205E+00  4.7581E+02
5.5336511E+00  4.6982E+02
5.5613193E+00  4.6391E+02
5.5891259E+00  4.5808E+02
5.6170716E+00  4.5233E+02
5.6451569E+00  4.4666E+02
5.6733827E+00  4.4106E+02
5.7017496E+00  4.3553E+02
5.7302584E+00  4.3008E+02
5.7589096E+00  4.2470E+02
5.7877042E+00  4.1939E+02
5.8166427E+00  4.1416E+02
5.8457259E+00  4.0899E+02
5.8749546E+00  4.0389E+02
5.9043293E+00  3.9883E+02
5.9338510E+00  3.9384E+02
5.9635202E+00  3.8891E+02
5.9933378E+00  3.8404E+02
6.0233045E+00  3.7924E+02
6.0534210E+00  3.7451E+02
6.0836882E+00  3.6978E+02
6.1141066E+00  3.6512E+02
6.1446771E+00  3.6052E+02
6.1754005E+00  3.5598E+02
6.2062775E+00  3.5151E+02
6.2373089E+00  3.4707E+02
6.2684954E+00  3.4269E+02
6.2998379E+00  3.3837E+02
6.3313371E+00  3.3411E+02
6.3629938E+00  3.2991E+02
6.3948088E+00  3.2576E+02
6.4267828E+00  3.2166E+02
6.4589167E+00  3.1762E+02
6.4912113E+00  3.1364E+02
6.5236674E+00  3.0970E+02
6.5562857E+00  3.0582E+02
6.5890671E+00  3.0199E+02
6.6220125E+00  2.9820E+02
6.6551225E+00  2.9445E+02
6.6883981E+00  2.9075E+02
6.7218401E+00  2.8710E+02
6.7554493E+00  2.8350E+02
6.7892266E+00  2.7995E+02
6.8231727E+00  2.7645E+02
6.8572886E+00  2.7299E+02
6.8915750E+00  2.6957E+02
6.9260329E+00  2.6620E+02
6.9606631E+00  2.6288E+02
6.9954664E+00  2.5960E+02
7.0304437E+00  2.5636E+02
7.0655959E+00  2.5317E+02
7.1009239E+00  2.5002E+02
7.1364285E+00  2.4691E+02
7.1721107E+00  2.4384E+02
7.2079712E+00  2.4081E+02
7.2440111E+00  2.3782E+02
7.2802311E+00  2.3487E+02
7.3166323E+00  2.3195E+02
7.3532155E+00  2.2908E+02
7.3899815E+00  2.2624E+02
7.4269314E+00  2.2344E+02
7.4640661E+00  2.2068E+02
7.5013864E+00  2.1795E+02
7.5388934E+00  2.1526E+02
7.5765878E+00  2.1261E+02
7.6144708E+00  2.0999E+02
7.6525431E+00  2.0740E+02
7.6908058E+00  2.0484E+02
7.7292599E+00  2.0232E+02
7.7679062E+00  1.9984E+02
7.8067457E+00  1.9738E+02
7.8457794E+00  1.9496E+02
7.8850083E+00  1.9257E+02
7.9244334E+00  1.9021E+02
7.9640555E+00  1.8787E+02
8.0038758E+00  1.8557E+02
8.0438952E+00  1.8330E+02
8.0841147E+00  1.8106E+02
8.1245352E+00  1.7885E+02
8.1651579E+00  1.7667E+02
8.2059837E+00  1.7451E+02
8.2470136E+00  1.7238E+02
8.2882487E+00  1.7028E+02
8.3296899E+00  1.6821E+02
8.3713384E+00  1.6616E+02
8.4131951E+00  1.6414E+02
8.4552610E+00  1.6215E+02
8.4975373E+00  1.6018E+02
8.5400250E+00  1.5824E+02
9.030794E+00  1.3763E+02
9.653919E+00  1.1504E+02
1.032004E+01  9.6047E+01
1.103212E+01  8.0347E+01
1.133243E+01  7.4820E+01
1.150588E+01  7.1853E+01
1.155214E+01  7.1074E+01
1.162152E+01  1.8634E+02
1.179334E+01  1.7899E+02
1.179497E+01  1.7892E+02
1.260708E+01  1.4905E+02
1.300715E+01  1.3679E+02
1.320624E+01  1.3118E+02
1.325933E+01  1.2973E+02
1.333896E+01  1.7888E+02
1.347697E+01  1.7391E+02
1.353805E+01  1.7178E+02
1.360230E+01  1.6957E+02
1.381050E+01  1.6267E+02
1.386602E+01  1.6090E+02
1.394930E+01  1.8348E+02
1.415750E+01  1.7665E+02
1.440688E+01  1.6893E+02
1.540095E+01  1.4224E+02
1.646362E+01  1.1963E+02
1.759961E+01  1.0060E+02
1.881398E+01  8.4474E+01
2.011215E+01  7.0936E+01
2.149988E+01  5.9594E+01
2.298338E+01  5.0091E+01
2.456923E+01  4.2061E+01
2.626450E+01  3.5340E+01
2.807676E+01  2.9461E+01
3.001405E+01  2.4467E+01
3.208502E+01  2.0337E+01
3.429889E+01  1.6917E+01
3.666551E+01  1.4084E+01
3.919543E+01  1.1735E+01
4.189992E+01  9.7858E+00
4.479101E+01  8.1670E+00
4.788159E+01  6.8207E+00
5.118542E+01  5.6960E+00
5.471721E+01  4.7532E+00
5.849270E+01  3.9674E+00
6.252870E+01  3.3016E+00
6.684318E+01  2.7441E+00
7.145536E+01  2.2816E+00
7.638578E+01  1.8974E+00
7.682690E+01  1.8675E+00
7.800282E+01  1.7910E+00
7.831640E+01  1.7713E+00
7.878677E+01  8.6561E+00
7.996269E+01  8.3267E+00
8.165640E+01  7.9141E+00
8.729069E+01  6.6997E+00
9.331374E+01  5.6344E+00
9.975239E+01  4.6996E+00
1.066353E+02  3.9234E+00
1.139931E+02  3.2827E+00
1.218587E+02  2.7470E+00
1.302669E+02  2.2991E+00
1.392553E+02  1.9244E+00
1.488640E+02  1.6110E+00
1.591356E+02  1.3481E+00
1.701159E+02  1.1260E+00
1.818539E+02  9.4065E-01
1.944018E+02  7.8587E-01
2.078156E+02  6.5662E-01
2.221548E+02  5.4868E-01
2.374835E+02  4.5853E-01
2.538699E+02  3.8323E-01
2.713869E+02  3.2032E-01
2.901126E+02  2.6776E-01
3.101304E+02  2.2384E-01
3.315294E+02  1.8715E-01
3.544049E+02  1.5737E-01
3.788588E+02  1.3277E-01
4.050001E+02  1.1203E-01
4.329451E+02  9.4541E-02