Re (Z = 75) Atomic weight: Ar = 186.2070 g mol-1   Nominal density:   ? (g cm-3) = 2.0980E+01
sigma(barns/atom) = [mue/rho](cm2 g-1)  ×  3.09204E+02
E(eV) [mue/rho](cm2 g-1) = f2(e atom-1)  ×  2.25987E+05
21 edges. Edge energies (keV):
K      7.16764E+01  
L I    1.25267E+01  
L II   1.19587E+01  
L III  1.05353E+01 
M I    2.93170E+00  
M II   2.68160E+00  
M III  2.36730E+00  
M IV   1.94890E+00 
M V    1.88290E+00  
N I    6.25000E-01  
N II   5.17900E-01  
N III  4.44400E-01 
N IV   2.73700E-01  
N V    2.60200E-01  
N VI   4.06000E-02  
N VII  4.06000E-02 
O I    8.28000E-02  
O II   4.56000E-02  
O III  3.46000E-02  
O IV   6.06267E-03 
O V    5.20913E-03 
Data
E/keV            [mue/rho]Photoelectric/cm2g-1
5.235171E-03  1.2574E+04
5.313308E-03  1.2380E+04
5.941418E-03  1.1100E+04
6.032358E-03  1.1011E+04
6.056608E-03  1.0992E+04
6.092984E-03  5.0183E+04
6.183924E-03  4.9391E+04
1.069000E-02  7.2464E+04
1.142761E-02  7.9935E+04
1.221612E-02  8.7210E+04
1.305903E-02  9.3764E+04
1.396010E-02  9.9067E+04
1.492335E-02  1.0264E+05
1.595306E-02  1.0414E+05
1.705382E-02  1.0338E+05
1.823053E-02  1.0038E+05
1.948844E-02  9.5333E+04
2.083314E-02  8.8613E+04
2.227063E-02  8.0669E+04
2.380730E-02  7.1997E+04
2.545001E-02  6.3066E+04
2.720606E-02  5.4267E+04
2.908327E-02  4.5970E+04
3.109002E-02  3.8422E+04
3.323523E-02  3.1754E+04
3.390800E-02  2.9930E+04
3.442700E-02  2.8604E+04
3.456540E-02  2.8261E+04
3.477300E-02  5.6187E+04
3.529200E-02  5.4035E+04
3.552846E-02  5.3089E+04
3.797993E-02  4.4443E+04
3.978800E-02  3.9056E+04
4.039700E-02  3.7365E+04
4.055940E-02  3.6924E+04
4.060054E-02  4.1471E+04
4.080300E-02  4.0847E+04
4.141200E-02  3.9026E+04
4.340198E-02  3.3631E+04
4.468800E-02  3.0574E+04
4.537200E-02  2.9084E+04
4.555440E-02  2.8704E+04
4.582800E-02  3.8917E+04
4.639671E-02  3.7638E+04
4.651200E-02  3.7387E+04
4.959809E-02  3.1553E+04
5.302035E-02  2.6528E+04
5.667876E-02  2.2170E+04
6.058959E-02  1.8547E+04
6.477028E-02  1.5680E+04
6.923942E-02  1.3540E+04
7.401695E-02  1.2064E+04
7.912411E-02  1.1178E+04
8.114400E-02  1.0981E+04
8.238600E-02  1.0896E+04
8.271720E-02  1.0878E+04
8.321400E-02  1.1042E+04
8.445600E-02  1.0999E+04
8.458368E-02  1.0996E+04
9.041995E-02  1.1076E+04
9.665893E-02  1.1536E+04
1.033284E-01  1.2319E+04
1.104581E-01  1.3355E+04
1.180797E-01  1.4586E+04
1.262272E-01  1.5934E+04
1.349368E-01  1.7315E+04
1.442475E-01  1.8651E+04
1.542005E-01  1.9871E+04
1.648404E-01  2.0906E+04
1.762144E-01  2.1641E+04
1.883732E-01  2.2028E+04
2.013709E-01  2.2071E+04
2.152655E-01  2.1799E+04
2.301188E-01  2.1253E+04
2.459970E-01  2.0484E+04
2.549960E-01  1.9981E+04
2.588990E-01  1.9742E+04
2.599398E-01  1.9677E+04
2.615010E-01  2.0266E+04
2.629708E-01  2.0174E+04
2.654040E-01  2.0020E+04
2.682260E-01  1.9840E+04
2.723315E-01  1.9575E+04
2.734263E-01  1.9504E+04
2.750685E-01  1.9900E+04
2.791740E-01  1.9629E+04
2.811158E-01  1.9500E+04
3.005128E-01  1.8216E+04
3.212482E-01  1.6910E+04
3.434143E-01  1.5622E+04
3.671099E-01  1.4377E+04
3.924405E-01  1.3192E+04
4.195189E-01  1.2079E+04
4.355120E-01  1.1487E+04
4.421780E-01  1.1254E+04
4.439556E-01  1.1193E+04
4.466220E-01  1.1860E+04
4.484657E-01  1.1797E+04
4.532880E-01  1.1633E+04
4.794098E-01  1.0808E+04
5.0000000E-01  1.0223E+04
5.0250000E-01  1.0156E+04
5.0501250E-01  1.0089E+04
5.0753756E-01  1.0022E+04
5.1007525E-01  9.9556E+03
5.1262563E-01  9.8896E+03
5.1518875E-01  9.8240E+03
5.1717493E-01  9.7736E+03
5.1776470E-01  9.7587E+03
5.1862505E-01  9.8940E+03
5.2035352E-01  9.8508E+03
5.2295529E-01  9.7863E+03
5.2557007E-01  9.7221E+03
5.2819792E-01  9.6583E+03
5.3083891E-01  9.5948E+03
5.3349310E-01  9.5317E+03
5.3616057E-01  9.4690E+03
5.3884137E-01  9.4066E+03
5.4153558E-01  9.3445E+03
5.4424325E-01  9.2828E+03
5.4696447E-01  9.2214E+03
5.4969929E-01  9.1604E+03
5.5244779E-01  9.0997E+03
5.5521003E-01  9.0394E+03
5.5798608E-01  8.9793E+03
5.6077601E-01  8.9196E+03
5.6357989E-01  8.8603E+03
5.6639779E-01  8.8012E+03
5.6922978E-01  8.7425E+03
5.7207593E-01  8.6841E+03
5.7493630E-01  8.6261E+03
5.7781099E-01  8.5683E+03
5.8070004E-01  8.5108E+03
5.8360354E-01  8.4537E+03
5.8652156E-01  8.3969E+03
5.8945417E-01  8.3403E+03
5.9240144E-01  8.2841E+03
5.9536345E-01  8.2282E+03
5.9834026E-01  8.1725E+03
6.0133196E-01  8.1172E+03
6.0433862E-01  8.0622E+03
6.0736032E-01  8.0074E+03
6.1039712E-01  7.9529E+03
6.1344910E-01  7.8988E+03
6.1651635E-01  7.8449E+03
6.1959893E-01  7.7913E+03
6.2269693E-01  7.7380E+03
6.2404375E-01  7.7150E+03
6.2581041E-01  7.8774E+03
6.2595625E-01  7.8749E+03
6.2893946E-01  7.8241E+03
6.3208416E-01  7.7710E+03
6.3524458E-01  7.7182E+03
6.3842080E-01  7.6656E+03
6.4161291E-01  7.6134E+03
6.4482097E-01  7.5614E+03
6.4804508E-01  7.5097E+03
6.5128530E-01  7.4582E+03
6.5454173E-01  7.4070E+03
6.5781444E-01  7.3560E+03
6.6110351E-01  7.3054E+03
6.6440903E-01  7.2549E+03
6.6773107E-01  7.2048E+03
6.7106973E-01  7.1549E+03
6.7442508E-01  7.1053E+03
6.7779720E-01  7.0559E+03
6.8118619E-01  7.0068E+03
6.8459212E-01  6.9580E+03
6.8801508E-01  6.9094E+03
6.9145515E-01  6.8611E+03
6.9491243E-01  6.8130E+03
6.9838699E-01  6.7652E+03
7.0187893E-01  6.7176E+03
7.0538832E-01  6.6702E+03
7.0891526E-01  6.6231E+03
7.1245984E-01  6.5763E+03
7.1602214E-01  6.5297E+03
7.1960225E-01  6.4833E+03
7.2320026E-01  6.4372E+03
7.2681626E-01  6.3913E+03
7.3045034E-01  6.3457E+03
7.3410260E-01  6.3003E+03
7.3777311E-01  6.2551E+03
7.4146197E-01  6.2102E+03
7.4516928E-01  6.1655E+03
7.4889513E-01  6.1211E+03
7.5263961E-01  6.0767E+03
7.5640280E-01  6.0324E+03
7.6018482E-01  5.9883E+03
7.6398574E-01  5.9416E+03
7.6780567E-01  5.8912E+03
7.7164470E-01  5.8411E+03
7.7550292E-01  5.7914E+03
7.7938044E-01  5.7420E+03
7.8327734E-01  5.6929E+03
7.8719373E-01  5.6441E+03
7.9112969E-01  5.5957E+03
7.9508534E-01  5.5477E+03
7.9906077E-01  5.4999E+03
8.0305607E-01  5.4525E+03
8.0707135E-01  5.4055E+03
8.1110671E-01  5.3587E+03
8.1516224E-01  5.3123E+03
8.1923806E-01  5.2663E+03
8.2333425E-01  5.2205E+03
8.2745092E-01  5.1751E+03
8.3158817E-01  5.1301E+03
8.3574611E-01  5.0853E+03
8.3992484E-01  5.0409E+03
8.4412447E-01  4.9968E+03
8.4834509E-01  4.9531E+03
8.5258682E-01  4.9097E+03
8.5684975E-01  4.8666E+03
8.6113400E-01  4.8238E+03
8.6543967E-01  4.7813E+03
8.6976687E-01  4.7392E+03
8.7411570E-01  4.6974E+03
8.7848628E-01  4.6558E+03
8.8287871E-01  4.6145E+03
8.8729310E-01  4.5736E+03
8.9172957E-01  4.5329E+03
8.9618822E-01  4.4926E+03
9.0066916E-01  4.4526E+03
9.0517250E-01  4.4129E+03
9.0969837E-01  4.3735E+03
9.1424686E-01  4.3344E+03
9.1881809E-01  4.2957E+03
9.2341218E-01  4.2572E+03
9.2802924E-01  4.2190E+03
9.3266939E-01  4.1812E+03
9.3733274E-01  4.1436E+03
9.4201940E-01  4.1064E+03
9.4672950E-01  4.0695E+03
9.5146315E-01  4.0328E+03
9.5622046E-01  3.9965E+03
9.6100156E-01  3.9604E+03
9.6580657E-01  3.9247E+03
9.7063560E-01  3.8893E+03
9.7548878E-01  3.8541E+03
9.8036623E-01  3.8192E+03
9.8526806E-01  3.7847E+03
9.9019440E-01  3.7504E+03
9.9514537E-01  3.7164E+03
1.0001211E+00  3.6826E+03
1.0051217E+00  3.6441E+03
1.0101473E+00  3.6060E+03
1.0151980E+00  3.5683E+03
1.0202740E+00  3.5310E+03
1.0253754E+00  3.4941E+03
1.0305023E+00  3.4577E+03
1.0356548E+00  3.4217E+03
1.0408331E+00  3.3860E+03
1.0460372E+00  3.3484E+03
1.0512674E+00  3.3113E+03
1.0565238E+00  3.2746E+03
1.0618064E+00  3.2382E+03
1.0671154E+00  3.2023E+03
1.0724510E+00  3.1669E+03
1.0778132E+00  3.1318E+03
1.0832023E+00  3.0973E+03
1.0886183E+00  3.0631E+03
1.0940614E+00  3.0293E+03
1.0995317E+00  2.9947E+03
1.1050294E+00  2.9604E+03
1.1105545E+00  2.9265E+03
1.1161073E+00  2.8930E+03
1.1216878E+00  2.8600E+03
1.1272963E+00  2.8273E+03
1.1329328E+00  2.7951E+03
1.1385974E+00  2.7633E+03
1.1442904E+00  2.7319E+03
1.1500119E+00  2.7009E+03
1.1557619E+00  2.6702E+03
1.1615407E+00  2.6400E+03
1.1673484E+00  2.6101E+03
1.1731852E+00  2.5806E+03
1.1790511E+00  2.5515E+03
1.1849464E+00  2.5228E+03
1.1908711E+00  2.4944E+03
1.1968254E+00  2.4663E+03
1.2028096E+00  2.4386E+03
1.2088236E+00  2.4113E+03
1.2148677E+00  2.3843E+03
1.2209421E+00  2.3576E+03
1.2270468E+00  2.3313E+03
1.2331820E+00  2.3052E+03
1.2393479E+00  2.2795E+03
1.2455447E+00  2.2542E+03
1.2517724E+00  2.2291E+03
1.2580312E+00  2.2043E+03
1.2643214E+00  2.1799E+03
1.2706430E+00  2.1557E+03
1.2769962E+00  2.1319E+03
1.2833812E+00  2.1083E+03
1.2897981E+00  2.0851E+03
1.2962471E+00  2.0621E+03
1.3027283E+00  2.0394E+03
1.3092420E+00  2.0170E+03
1.3157882E+00  1.9948E+03
1.3223671E+00  1.9729E+03
1.3289790E+00  1.9513E+03
1.3356239E+00  1.9299E+03
1.3423020E+00  1.9089E+03
1.3490135E+00  1.8880E+03
1.3557586E+00  1.8674E+03
1.3625374E+00  1.8471E+03
1.3693500E+00  1.8270E+03
1.3761968E+00  1.8072E+03
1.3830778E+00  1.7875E+03
1.3899932E+00  1.7682E+03
1.3969431E+00  1.7490E+03
1.4039278E+00  1.7301E+03
1.4109475E+00  1.7114E+03
1.4180022E+00  1.6930E+03
1.4250922E+00  1.6748E+03
1.4322177E+00  1.6567E+03
1.4393788E+00  1.6389E+03
1.4465757E+00  1.6213E+03
1.4538086E+00  1.6040E+03
1.4610776E+00  1.5868E+03
1.4683830E+00  1.5698E+03
1.4757249E+00  1.5530E+03
1.4831035E+00  1.5365E+03
1.4905190E+00  1.5201E+03
1.4979716E+00  1.5039E+03
1.5054615E+00  1.4879E+03
1.5129888E+00  1.4721E+03
1.5205537E+00  1.4565E+03
1.5281565E+00  1.4411E+03
1.5357973E+00  1.4259E+03
1.5434763E+00  1.4108E+03
1.5511937E+00  1.3959E+03
1.5589496E+00  1.3812E+03
1.5667444E+00  1.3666E+03
1.5745781E+00  1.3522E+03
1.5824510E+00  1.3380E+03
1.5903633E+00  1.3240E+03
1.5983151E+00  1.3101E+03
1.6063066E+00  1.2964E+03
1.6143382E+00  1.2828E+03
1.6224099E+00  1.2694E+03
1.6305219E+00  1.2562E+03
1.6386745E+00  1.2431E+03
1.6468679E+00  1.2301E+03
1.6551022E+00  1.2173E+03
1.6633777E+00  1.2047E+03
1.6716946E+00  1.1922E+03
1.6800531E+00  1.1798E+03
1.6884534E+00  1.1676E+03
1.6968956E+00  1.1555E+03
1.7053801E+00  1.1436E+03
1.7139070E+00  1.1318E+03
1.7224766E+00  1.1202E+03
1.7310889E+00  1.1086E+03
1.7397444E+00  1.0972E+03
1.7484431E+00  1.0860E+03
1.7571853E+00  1.0748E+03
1.7659712E+00  1.0638E+03
1.7748011E+00  1.0529E+03
1.7836751E+00  1.0420E+03
1.7925935E+00  1.0311E+03
1.8015565E+00  1.0204E+03
1.8105642E+00  1.0097E+03
1.8196171E+00  9.9920E+02
1.8287151E+00  9.8880E+02
1.8378587E+00  9.7852E+02
1.8470480E+00  9.6836E+02
1.8562833E+00  9.5832E+02
1.8655647E+00  9.4839E+02
1.8748925E+00  9.3857E+02
1.8825065E+00  9.3067E+02
1.8832935E+00  3.0665E+03
1.8842670E+00  3.0627E+03
1.8936883E+00  3.0261E+03
1.9031567E+00  2.9899E+03
1.9126725E+00  2.9541E+03
1.9222359E+00  2.9188E+03
1.9318471E+00  2.8840E+03
1.9415063E+00  2.8495E+03
1.9481516E+00  2.8262E+03
1.9496484E+00  4.1809E+03
1.9512138E+00  4.1728E+03
1.9609699E+00  4.1223E+03
1.9707747E+00  4.0725E+03
1.9806286E+00  4.0233E+03
1.9905318E+00  3.9747E+03
2.0004844E+00  3.9267E+03
2.0104868E+00  3.8793E+03
2.0205393E+00  3.8325E+03
2.0306420E+00  3.7862E+03
2.0407952E+00  3.7406E+03
2.0509992E+00  3.6954E+03
2.0612542E+00  3.6509E+03
2.0715604E+00  3.6069E+03
2.0819182E+00  3.5633E+03
2.0923278E+00  3.5202E+03
2.1027895E+00  3.4777E+03
2.1133034E+00  3.4357E+03
2.1238699E+00  3.3943E+03
2.1344893E+00  3.3533E+03
2.1451617E+00  3.3128E+03
2.1558875E+00  3.2729E+03
2.1666670E+00  3.2334E+03
2.1775003E+00  3.1944E+03
2.1883878E+00  3.1559E+03
2.1993297E+00  3.1179E+03
2.2103264E+00  3.0803E+03
2.2213780E+00  3.0432E+03
2.2324849E+00  3.0066E+03
2.2436473E+00  2.9704E+03
2.2548656E+00  2.9346E+03
2.2661399E+00  2.8993E+03
2.2774706E+00  2.8644E+03
2.2888579E+00  2.8299E+03
2.3003022E+00  2.7959E+03
2.3118037E+00  2.7623E+03
2.3233628E+00  2.7291E+03
2.3349796E+00  2.6963E+03
2.3466545E+00  2.6639E+03
2.3583878E+00  2.6319E+03
2.3649801E+00  2.6142E+03
2.3696200E+00  3.0517E+03
2.3701797E+00  3.0500E+03
2.3820306E+00  3.0124E+03
2.3939407E+00  2.9754E+03
2.4059104E+00  2.9388E+03
2.4179400E+00  2.9027E+03
2.4300297E+00  2.8670E+03
2.4421798E+00  2.8318E+03
2.4543907E+00  2.7966E+03
2.4666627E+00  2.7615E+03
2.4789960E+00  2.7269E+03
2.4913910E+00  2.6936E+03
2.5038479E+00  2.6613E+03
2.5163672E+00  2.6296E+03
2.5289490E+00  2.5983E+03
2.5415938E+00  2.5671E+03
2.5543017E+00  2.5363E+03
2.5670732E+00  2.5058E+03
2.5799086E+00  2.4758E+03
2.5928082E+00  2.4462E+03
2.6057722E+00  2.4171E+03
2.6188011E+00  2.3883E+03
2.6318951E+00  2.3599E+03
2.6450545E+00  2.3318E+03
2.6582798E+00  2.3042E+03
2.6715712E+00  2.2769E+03
2.6780604E+00  2.2637E+03
2.6849291E+00  2.4055E+03
2.6851398E+00  2.4050E+03
2.6983537E+00  2.3763E+03
2.7118455E+00  2.3476E+03
2.7254047E+00  2.3192E+03
2.7390317E+00  2.2912E+03
2.7527269E+00  2.2635E+03
2.7664905E+00  2.2362E+03
2.7803230E+00  2.2092E+03
2.7942246E+00  2.1826E+03
2.8081957E+00  2.1562E+03
2.8222367E+00  2.1309E+03
2.8363479E+00  2.1063E+03
2.8505296E+00  2.0821E+03
2.8647823E+00  2.0583E+03
2.8791062E+00  2.0348E+03
2.8935017E+00  2.0116E+03
2.9079692E+00  1.9888E+03
2.9225091E+00  1.9662E+03
2.9258366E+00  1.9611E+03
2.9371216E+00  2.0306E+03
2.9375634E+00  2.0299E+03
2.9518072E+00  2.0078E+03
2.9665662E+00  1.9852E+03
2.9813991E+00  1.9629E+03
2.9963061E+00  1.9408E+03
3.0112876E+00  1.9179E+03
3.0263440E+00  1.8949E+03
3.0414758E+00  1.8722E+03
3.0566831E+00  1.8498E+03
3.0719666E+00  1.8276E+03
3.0873264E+00  1.8056E+03
3.1027630E+00  1.7838E+03
3.1182768E+00  1.7622E+03
3.1338682E+00  1.7409E+03
3.1495376E+00  1.7199E+03
3.1652853E+00  1.6991E+03
3.1811117E+00  1.6785E+03
3.1970172E+00  1.6582E+03
3.2130023E+00  1.6382E+03
3.2290673E+00  1.6184E+03
3.2452127E+00  1.5988E+03
3.2614387E+00  1.5795E+03
3.2777459E+00  1.5603E+03
3.2941347E+00  1.5415E+03
3.3106053E+00  1.5228E+03
3.3271584E+00  1.5044E+03
3.3437941E+00  1.4861E+03
3.3605131E+00  1.4681E+03
3.3773157E+00  1.4503E+03
3.3942023E+00  1.4328E+03
3.4111733E+00  1.4154E+03
3.4282291E+00  1.3982E+03
3.4453703E+00  1.3813E+03
3.4625971E+00  1.3645E+03
3.4799101E+00  1.3480E+03
3.4973097E+00  1.3316E+03
3.5147962E+00  1.3154E+03
3.5323702E+00  1.2995E+03
3.5500321E+00  1.2837E+03
3.5677822E+00  1.2681E+03
3.5856211E+00  1.2527E+03
3.6035492E+00  1.2374E+03
3.6215670E+00  1.2224E+03
3.6396748E+00  1.2076E+03
3.6578732E+00  1.1929E+03
3.6761626E+00  1.1785E+03
3.6945434E+00  1.1642E+03
3.7130161E+00  1.1501E+03
3.7315812E+00  1.1361E+03
3.7502391E+00  1.1224E+03
3.7689903E+00  1.1087E+03
3.7878352E+00  1.0948E+03
3.8067744E+00  1.0811E+03
3.8258083E+00  1.0676E+03
3.8449373E+00  1.0543E+03
3.8641620E+00  1.0411E+03
3.8834828E+00  1.0281E+03
3.9029002E+00  1.0152E+03
3.9224147E+00  1.0023E+03
3.9420268E+00  9.8948E+02
3.9617369E+00  9.7689E+02
3.9815456E+00  9.6446E+02
4.0014533E+00  9.5220E+02
4.0214606E+00  9.4011E+02
4.0415679E+00  9.2818E+02
4.0617757E+00  9.1642E+02
4.0820846E+00  9.0482E+02
4.1024950E+00  8.9337E+02
4.1230075E+00  8.8208E+02
4.1436226E+00  8.7094E+02
4.1643407E+00  8.5995E+02
4.1851624E+00  8.4911E+02
4.2060882E+00  8.3842E+02
4.2271186E+00  8.2787E+02
4.2482542E+00  8.1746E+02
4.2694955E+00  8.0720E+02
4.2908430E+00  7.9707E+02
4.3122972E+00  7.8708E+02
4.3338587E+00  7.7722E+02
4.3555280E+00  7.6750E+02
4.3773056E+00  7.5791E+02
4.3991921E+00  7.4844E+02
4.4211881E+00  7.3910E+02
4.4432940E+00  7.2989E+02
4.4655105E+00  7.2080E+02
4.4878381E+00  7.1184E+02
4.5102772E+00  7.0299E+02
4.5328286E+00  6.9426E+02
4.5554928E+00  6.8565E+02
4.5782702E+00  6.7715E+02
4.6011616E+00  6.6876E+02
4.6241674E+00  6.6049E+02
4.6472882E+00  6.5233E+02
4.6705247E+00  6.4427E+02
4.6938773E+00  6.3633E+02
4.7173467E+00  6.2848E+02
4.7409334E+00  6.2069E+02
4.7646381E+00  6.1284E+02
4.7884613E+00  6.0510E+02
4.8124036E+00  5.9746E+02
4.8364656E+00  5.8992E+02
4.8606479E+00  5.8249E+02
4.8849512E+00  5.7515E+02
4.9093759E+00  5.6787E+02
4.9339228E+00  5.6068E+02
4.9585924E+00  5.5359E+02
4.9833854E+00  5.4659E+02
5.0083023E+00  5.3969E+02
5.0333438E+00  5.3288E+02
5.0585105E+00  5.2617E+02
5.0838031E+00  5.1954E+02
5.1092221E+00  5.1300E+02
5.1347682E+00  5.0655E+02
5.1604421E+00  5.0017E+02
5.1862443E+00  4.9386E+02
5.2121755E+00  4.8764E+02
5.2382364E+00  4.8150E+02
5.2644276E+00  4.7544E+02
5.2907497E+00  4.6947E+02
5.3172034E+00  4.6358E+02
5.3437895E+00  4.5776E+02
5.3705084E+00  4.5200E+02
5.3973609E+00  4.4624E+02
5.4243477E+00  4.4057E+02
5.4514695E+00  4.3497E+02
5.4787268E+00  4.2944E+02
5.5061205E+00  4.2399E+02
5.5336511E+00  4.1861E+02
5.5613193E+00  4.1331E+02
5.5891259E+00  4.0807E+02
5.6170716E+00  4.0291E+02
5.6451569E+00  3.9781E+02
5.6733827E+00  3.9278E+02
5.7017496E+00  3.8782E+02
5.7302584E+00  3.8293E+02
5.7589096E+00  3.7810E+02
5.7877042E+00  3.7334E+02
5.8166427E+00  3.6863E+02
5.8457259E+00  3.6400E+02
5.8749546E+00  3.5941E+02
5.9043293E+00  3.5486E+02
5.9338510E+00  3.5037E+02
5.9635202E+00  3.4595E+02
5.9933378E+00  3.4158E+02
6.0233045E+00  3.3727E+02
6.0534210E+00  3.3302E+02
6.0836882E+00  3.2883E+02
6.1141066E+00  3.2469E+02
6.1446771E+00  3.2060E+02
6.1754005E+00  3.1657E+02
6.2062775E+00  3.1259E+02
6.2373089E+00  3.0867E+02
6.2684954E+00  3.0479E+02
6.2998379E+00  3.0097E+02
6.3313371E+00  2.9720E+02
6.3629938E+00  2.9348E+02
6.3948088E+00  2.8980E+02
6.4267828E+00  2.8618E+02
6.4589167E+00  2.8260E+02
6.4912113E+00  2.7907E+02
6.5236674E+00  2.7559E+02
6.5562857E+00  2.7215E+02
6.5890671E+00  2.6876E+02
6.6220125E+00  2.6541E+02
6.6551225E+00  2.6211E+02
6.6883981E+00  2.5885E+02
6.7218401E+00  2.5563E+02
6.7554493E+00  2.5245E+02
6.7892266E+00  2.4932E+02
6.8231727E+00  2.4622E+02
6.8572886E+00  2.4317E+02
6.8915750E+00  2.4016E+02
6.9260329E+00  2.3718E+02
6.9606631E+00  2.3425E+02
6.9954664E+00  2.3135E+02
7.0304437E+00  2.2849E+02
7.0655959E+00  2.2567E+02
7.1009239E+00  2.2288E+02
7.1364285E+00  2.2014E+02
7.1721107E+00  2.1742E+02
7.2079712E+00  2.1474E+02
7.2440111E+00  2.1210E+02
7.2802311E+00  2.0949E+02
7.3166323E+00  2.0692E+02
7.3532155E+00  2.0437E+02
7.3899815E+00  2.0186E+02
7.4269314E+00  1.9939E+02
7.4640661E+00  1.9694E+02
7.5013864E+00  1.9453E+02
7.5388934E+00  1.9215E+02
7.5765878E+00  1.8980E+02
7.6144708E+00  1.8748E+02
7.6525431E+00  1.8518E+02
7.6908058E+00  1.8292E+02
7.7292599E+00  1.8069E+02
7.7679062E+00  1.7849E+02
7.8067457E+00  1.7631E+02
7.8457794E+00  1.7416E+02
7.8850083E+00  1.7204E+02
7.9244334E+00  1.6995E+02
7.9640555E+00  1.6788E+02
8.0038758E+00  1.6584E+02
8.0438952E+00  1.6383E+02
8.0841147E+00  1.6184E+02
8.1245352E+00  1.5988E+02
8.1651579E+00  1.5794E+02
8.2059837E+00  1.5599E+02
8.2470136E+00  1.5407E+02
8.2882487E+00  1.5218E+02
8.3296899E+00  1.5031E+02
8.3713384E+00  1.4846E+02
8.4131951E+00  1.4663E+02
8.4552610E+00  1.4482E+02
8.4975373E+00  1.4301E+02
8.5400250E+00  1.4123E+02
9.030794E+00  1.2240E+02
9.653919E+00  1.0210E+02
1.032004E+01  8.5275E+01
1.032459E+01  8.5171E+01
1.048262E+01  8.1694E+01
1.052476E+01  8.0801E+01
1.058798E+01  2.1503E+02
1.074601E+01  2.0647E+02
1.103212E+01  1.9212E+02
1.171953E+01  1.6268E+02
1.179334E+01  1.5987E+02
1.189891E+01  1.5598E+02
1.194674E+01  1.5426E+02
1.201849E+01  2.1196E+02
1.219787E+01  2.0357E+02
1.227617E+01  2.0005E+02
1.246407E+01  1.9194E+02
1.251417E+01  1.8986E+02
1.258933E+01  2.1647E+02
1.260708E+01  2.1570E+02
1.277723E+01  2.0844E+02
1.347697E+01  1.8184E+02
1.440688E+01  1.5293E+02
1.540095E+01  1.2855E+02
1.646362E+01  1.0792E+02
1.759961E+01  9.0543E+01
1.881398E+01  7.5994E+01
2.011215E+01  6.3816E+01
2.149988E+01  5.3585E+01
2.298338E+01  4.4958E+01
2.456923E+01  3.7732E+01
2.626450E+01  3.1639E+01
2.807676E+01  2.6324E+01
3.001405E+01  2.1860E+01
3.208502E+01  1.8169E+01
3.429889E+01  1.5114E+01
3.666551E+01  1.2583E+01
3.919543E+01  1.0484E+01
4.189992E+01  8.7415E+00
4.479101E+01  7.2943E+00
4.788159E+01  6.0809E+00
5.118542E+01  5.0699E+00
5.471721E+01  4.2218E+00
5.849270E+01  3.5035E+00
6.252870E+01  2.9089E+00
6.684318E+01  2.4151E+00
7.024287E+01  2.1041E+00
7.131802E+01  2.0173E+00
7.145536E+01  2.0065E+00
7.160472E+01  1.9949E+00
7.203478E+01  1.0048E+01
7.310993E+01  9.6829E+00
7.638578E+01  8.6629E+00
8.165640E+01  7.2598E+00
8.729069E+01  6.0890E+00
9.331374E+01  5.1151E+00
9.975239E+01  4.2756E+00
1.066353E+02  3.5744E+00
1.139931E+02  2.9885E+00
1.218587E+02  2.4991E+00
1.302669E+02  2.0901E+00
1.392553E+02  1.7482E+00
1.488640E+02  1.4597E+00
1.591356E+02  1.2173E+00
1.701159E+02  1.0153E+00
1.818539E+02  8.4684E-01
1.944018E+02  7.0641E-01
2.078156E+02  5.8933E-01
2.221548E+02  4.9169E-01
2.374835E+02  4.1027E-01
2.538699E+02  3.4236E-01
2.713869E+02  2.8571E-01
2.901126E+02  2.3846E-01
3.101304E+02  1.9903E-01
3.315294E+02  1.6744E-01
3.544049E+02  1.4090E-01
3.788588E+02  1.1858E-01
4.050001E+02  9.9800E-02
4.329451E+02  8.4002E-02