Rh (Z = 45) Atomic weight: Ar = 102.9055 g mol-1   Nominal density:   ? (g cm-3) = 1.2390E+01
sigma(barns/atom) = [mue/rho](cm2 g-1)  ×  1.70879E+02
E(eV) [mue/rho](cm2 g-1) = f2(e atom-1)  ×  4.08922E+05 
14 edges. Edge energies (keV):
K      2.32199E+01  
L I    3.41190E+00  
L II   3.14610E+00  
L III  3.00380E+00 
M I    6.27100E-01  
M II   5.21000E-01  
M III  4.96200E-01  
M IV   3.11700E-01 
M V    3.07000E-01  
N I    8.10000E-02  
N II   4.79000E-02  
N III  4.79000E-02 
N IV   2.50000E-03  
N V    2.50000E-03 
Data
E/keV            [mue/rho]Photoelectric/cm2g-1
1.069000E-02  1.8382E+05
1.142761E-02  1.8260E+05
1.221612E-02  1.8082E+05
1.305903E-02  1.7848E+05
1.396010E-02  1.7555E+05
1.492335E-02  1.7204E+05
1.595306E-02  1.6797E+05
1.705382E-02  1.6337E+05
1.823053E-02  1.5828E+05
1.948844E-02  1.5276E+05
2.083314E-02  1.4687E+05
2.227063E-02  1.4067E+05
2.380730E-02  1.3424E+05
2.545001E-02  1.2765E+05
2.720606E-02  1.2097E+05
2.908327E-02  1.1427E+05
3.109002E-02  1.0762E+05
3.323523E-02  1.0106E+05
3.552846E-02  9.4666E+04
3.797993E-02  8.8465E+04
4.060054E-02  8.2495E+04
4.340198E-02  7.6786E+04
4.639671E-02  7.1357E+04
4.694200E-02  7.0436E+04
4.766050E-02  6.8835E+04
4.785210E-02  6.8416E+04
4.813950E-02  1.1482E+05
4.885800E-02  1.0917E+05
4.959809E-02  1.0384E+05
5.302035E-02  8.4209E+04
5.667876E-02  7.0124E+04
6.058959E-02  5.9751E+04
6.477028E-02  5.1656E+04
6.923942E-02  4.5072E+04
7.401695E-02  3.9564E+04
7.912411E-02  3.4870E+04
7.938000E-02  3.4660E+04
8.059500E-02  3.3693E+04
8.091900E-02  3.3443E+04
8.140500E-02  3.3941E+04
8.262000E-02  3.3058E+04
8.458368E-02  3.1715E+04
9.041995E-02  2.8242E+04
9.665893E-02  2.5205E+04
1.033284E-01  2.2532E+04
1.104581E-01  2.0173E+04
1.180797E-01  1.8085E+04
1.262272E-01  1.6234E+04
1.349368E-01  1.4589E+04
1.442475E-01  1.3126E+04
1.542005E-01  1.1821E+04
1.648404E-01  1.0656E+04
1.762144E-01  9.6128E+03
1.883732E-01  8.6779E+03
2.013709E-01  7.8376E+03
2.152655E-01  7.0795E+03
2.301188E-01  6.3944E+03
2.459970E-01  5.7742E+03
2.629708E-01  5.2120E+03
2.811158E-01  4.7018E+03
3.005128E-01  4.2385E+03
3.008600E-01  4.2309E+03
3.054660E-01  4.1317E+03
3.066930E-01  4.1058E+03
3.085350E-01  7.9825E+03
3.101415E-01  8.0532E+03
3.113883E-01  8.1098E+03
3.132585E-01  1.0891E+04
3.179340E-01  1.1327E+04
3.212482E-01  1.1657E+04
3.434143E-01  1.4325E+04
3.671099E-01  1.7121E+04
3.924405E-01  1.9132E+04
4.195189E-01  2.0099E+04
4.484657E-01  2.0039E+04
4.794098E-01  1.9151E+04
4.862760E-01  1.8880E+04
4.937190E-01  1.8566E+04
4.957038E-01  1.8479E+04
4.986810E-01  2.0753E+04
5.061240E-01  2.0382E+04
5.105800E-01  2.0155E+04
5.124891E-01  2.0057E+04
5.183950E-01  1.9749E+04
5.204790E-01  1.9640E+04
5.236050E-01  2.0464E+04
5.314200E-01  2.0039E+04
5.478508E-01  1.9143E+04
5.856525E-01  1.7126E+04
6.145580E-01  1.5682E+04
6.239645E-01  1.5236E+04
6.260625E-01  1.5139E+04
6.264729E-01  1.5120E+04
6.302355E-01  1.5606E+04
6.396420E-01  1.5171E+04
6.692609E-01  1.3888E+04
7.154399E-01  1.2138E+04
7.648052E-01  1.0570E+04
8.175768E-01  9.1834E+03
8.739896E-01  7.9617E+03
9.342948E-01  6.8843E+03
9.987612E-01  5.9471E+03
1.067676E+00  5.0997E+03
1.141345E+00  4.3659E+03
1.220098E+00  3.7337E+03
1.304285E+00  3.1661E+03
1.394281E+00  2.6835E+03
1.490486E+00  2.2782E+03
1.593329E+00  1.9371E+03
1.703269E+00  1.6499E+03
1.820795E+00  1.4076E+03
1.946430E+00  1.2029E+03
2.080733E+00  1.0253E+03
2.224304E+00  8.7081E+02
2.377781E+00  7.4049E+02
2.541848E+00  6.3032E+02
2.717235E+00  5.3661E+02
2.904724E+00  4.5736E+02
2.943724E+00  4.4304E+02
2.988781E+00  4.2730E+02
3.000796E+00  4.2320E+02
3.018819E+00  1.4662E+03
3.063876E+00  1.4152E+03
3.083178E+00  1.3942E+03
3.105150E+00  1.3707E+03
3.130370E+00  1.3446E+03
3.142954E+00  1.3318E+03
3.161831E+00  1.8098E+03
3.209022E+00  1.7447E+03
3.319406E+00  1.6024E+03
3.343662E+00  1.5724E+03
3.394841E+00  1.5111E+03
3.408488E+00  1.4952E+03
3.428960E+00  1.6945E+03
3.480138E+00  1.6320E+03
3.548445E+00  1.5531E+03
3.793288E+00  1.3085E+03
4.055024E+00  1.1010E+03
4.334821E+00  9.2565E+02
4.633924E+00  7.7795E+02
4.953664E+00  6.5382E+02
5.295467E+00  5.4976E+02
5.660855E+00  4.6246E+02
6.051453E+00  3.8890E+02
6.469004E+00  3.2569E+02
6.915365E+00  2.7257E+02
7.392525E+00  2.2795E+02
7.902609E+00  1.9081E+02
8.447890E+00  1.5988E+02
9.030794E+00  1.3376E+02
9.653919E+00  1.1101E+02
1.032004E+01  9.2148E+01
1.103212E+01  7.6564E+01
1.179334E+01  6.3677E+01
1.260708E+01  5.2979E+01
1.347697E+01  4.4041E+01
1.440688E+01  3.6537E+01
1.540095E+01  3.0246E+01
1.646362E+01  2.5013E+01
1.759961E+01  2.0705E+01
1.881398E+01  1.7154E+01
2.011215E+01  1.4225E+01
2.149988E+01  1.1807E+01
2.275550E+01  1.0082E+01
2.298338E+01  9.8071E+00
2.310380E+01  9.6660E+00
2.319668E+01  9.5591E+00
2.333600E+01  6.3274E+01
2.368430E+01  6.0708E+01
2.456923E+01  5.4861E+01
2.626450E+01  4.6131E+01
2.807676E+01  3.8694E+01
3.001405E+01  3.2375E+01
3.208502E+01  2.6979E+01
3.429889E+01  2.2478E+01
3.666551E+01  1.8731E+01
3.919543E+01  1.5610E+01
4.189992E+01  1.3010E+01
4.479101E+01  1.0845E+01
4.788159E+01  9.0110E+00
5.118542E+01  7.4593E+00
5.471721E+01  6.1754E+00
5.849270E+01  5.1129E+00
6.252870E+01  4.2335E+00
6.684318E+01  3.5054E+00
7.145536E+01  2.9024E+00
7.638578E+01  2.4022E+00
8.165640E+01  1.9853E+00
8.729069E+01  1.6360E+00
9.331374E+01  1.3482E+00
9.975239E+01  1.1111E+00
1.066353E+02  9.1456E-01
1.139931E+02  7.5268E-01
1.218587E+02  6.1949E-01
1.302669E+02  5.0989E-01
1.392553E+02  4.1971E-01
1.488640E+02  3.4549E-01
1.591356E+02  2.8441E-01
1.701159E+02  2.3414E-01
1.818539E+02  1.9276E-01
1.944018E+02  1.5871E-01
2.078156E+02  1.3067E-01
2.221548E+02  1.0759E-01
2.374835E+02  8.8596E-02
2.538699E+02  7.2955E-02
2.713869E+02  6.0078E-02
2.901126E+02  4.9476E-02
3.101304E+02  4.0746E-02
3.315294E+02  3.3557E-02
3.544049E+02  2.7638E-02
3.788588E+02  2.2764E-02
4.050001E+02  1.8750E-02
4.329451E+02  1.5444E-02