Ru (Z = 44) Atomic weight: Ar = 101.0700 g mol-1   Nominal density:   ? (g cm-3) = 1.2390E+01
sigma(barns/atom) = [mue/rho](cm2 g-1)  ×  1.67831E+02
E(eV) [mue/rho](cm2 g-1) = f2(e atom-1)  ×  4.16348E+05
14 edges. Edge energies (keV):
K      2.21172E+01  
L I    3.22400E+00  
L II   2.96690E+00  
L III  2.83790E+00 
M I    5.85000E-01  
M II   4.82800E-01  
M III  4.60600E-01  
M IV   2.83600E-01 
M V    2.79400E-01  
N I    7.49000E-02  
N II   4.31000E-02  
N III  4.31000E-02 
N IV   2.00000E-03  
N V    2.00000E-03 
Data
E/keV            [mue/rho]Photoelectric/cm2g-1
1.069000E-02  1.9936E+05
1.142761E-02  1.9833E+05
1.221612E-02  1.9675E+05
1.305903E-02  1.9453E+05
1.396010E-02  1.9168E+05
1.492335E-02  1.8816E+05
1.595306E-02  1.8401E+05
1.705382E-02  1.7924E+05
1.823053E-02  1.7390E+05
1.948844E-02  1.6803E+05
2.083314E-02  1.6172E+05
2.227063E-02  1.5505E+05
2.380730E-02  1.4808E+05
2.545001E-02  1.4092E+05
2.720606E-02  1.3364E+05
2.908327E-02  1.2632E+05
3.109002E-02  1.1905E+05
3.323523E-02  1.1189E+05
3.552846E-02  1.0490E+05
3.797993E-02  9.7628E+04
4.060054E-02  8.8273E+04
4.223800E-02  8.3018E+04
4.288450E-02  8.1057E+04
4.305690E-02  8.0545E+04
4.331550E-02  1.3748E+05
4.340198E-02  1.3656E+05
4.396200E-02  1.3080E+05
4.639671E-02  1.0993E+05
4.959809E-02  9.0227E+04
5.302035E-02  7.5783E+04
5.667876E-02  6.4664E+04
6.058959E-02  5.5753E+04
6.477028E-02  4.8403E+04
6.923942E-02  4.2219E+04
7.340200E-02  3.7562E+04
7.401695E-02  3.6946E+04
7.452550E-02  3.6449E+04
7.482510E-02  3.6161E+04
7.527450E-02  3.6630E+04
7.639800E-02  3.5616E+04
7.912411E-02  3.3344E+04
8.458368E-02  2.9474E+04
9.041995E-02  2.6109E+04
9.665893E-02  2.3171E+04
1.033284E-01  2.0599E+04
1.104581E-01  1.8343E+04
1.180797E-01  1.6360E+04
1.262272E-01  1.4614E+04
1.349368E-01  1.3075E+04
1.442475E-01  1.1715E+04
1.542005E-01  1.0512E+04
1.648404E-01  9.4448E+03
1.762144E-01  8.4961E+03
1.883732E-01  7.6497E+03
2.013709E-01  6.8925E+03
2.152655E-01  6.2133E+03
2.301188E-01  5.6026E+03
2.459970E-01  5.0525E+03
2.629708E-01  4.5559E+03
2.738120E-01  4.2787E+03
2.779280E-01  4.1805E+03
2.780030E-01  4.1788E+03
2.791206E-01  4.1527E+03
2.807970E-01  7.7457E+03
2.811158E-01  7.7615E+03
2.821820E-01  7.8154E+03
2.833164E-01  7.8745E+03
2.850180E-01  1.0454E+04
2.892720E-01  1.0911E+04
3.005128E-01  1.2318E+04
3.212482E-01  1.5520E+04
3.434143E-01  1.8498E+04
3.671099E-01  2.0594E+04
3.924405E-01  2.1565E+04
4.195189E-01  2.1450E+04
4.484657E-01  2.0470E+04
4.513880E-01  2.0339E+04
4.582970E-01  2.0012E+04
4.601394E-01  1.9922E+04
4.629030E-01  2.2293E+04
4.698120E-01  2.1909E+04
4.731440E-01  2.1719E+04
4.794098E-01  2.1356E+04
4.803860E-01  2.1298E+04
4.823172E-01  2.1185E+04
4.852140E-01  2.2047E+04
4.924560E-01  2.1606E+04
5.124891E-01  2.0374E+04
5.478508E-01  1.8244E+04
5.733000E-01  1.6804E+04
5.820750E-01  1.6331E+04
5.844150E-01  1.6208E+04
5.856525E-01  1.6850E+04
5.879250E-01  1.6729E+04
5.967000E-01  1.6268E+04
6.260625E-01  1.4825E+04
6.692609E-01  1.2973E+04
7.154399E-01  1.1310E+04
7.648052E-01  9.8386E+03
8.175768E-01  8.5354E+03
8.739896E-01  7.3822E+03
9.342948E-01  6.3779E+03
9.987612E-01  5.5067E+03
1.067676E+00  4.7168E+03
1.141345E+00  4.0266E+03
1.220098E+00  3.4089E+03
1.304285E+00  2.8905E+03
1.394281E+00  2.4549E+03
1.490486E+00  2.0882E+03
1.593329E+00  1.7792E+03
1.703269E+00  1.5184E+03
1.820795E+00  1.2981E+03
1.946430E+00  1.1055E+03
2.080733E+00  9.3886E+02
2.224304E+00  7.9841E+02
2.377781E+00  6.7961E+02
2.541848E+00  5.7854E+02
2.717235E+00  4.9306E+02
2.781142E+00  4.6646E+02
2.823710E+00  4.4990E+02
2.835062E+00  4.4563E+02
2.852089E+00  1.5959E+03
2.894658E+00  1.5387E+03
2.904724E+00  1.5256E+03
2.907562E+00  1.5219E+03
2.952066E+00  1.4660E+03
2.963933E+00  1.4516E+03
2.981735E+00  1.9956E+03
3.026238E+00  1.9469E+03
3.105150E+00  1.7826E+03
3.159520E+00  1.6785E+03
3.207880E+00  1.5928E+03
3.220776E+00  1.5711E+03
3.240120E+00  1.7803E+03
3.288480E+00  1.7005E+03
3.319406E+00  1.6536E+03
3.548445E+00  1.3914E+03
3.793288E+00  1.2125E+03
4.055024E+00  1.0303E+03
4.334821E+00  8.6603E+02
4.633924E+00  7.2775E+02
4.953664E+00  6.1186E+02
5.295467E+00  5.1470E+02
5.660855E+00  4.3308E+02
6.051453E+00  3.6271E+02
6.469004E+00  3.0345E+02
6.915365E+00  2.5357E+02
7.392525E+00  2.1208E+02
7.902609E+00  1.7755E+02
8.447890E+00  1.4878E+02
9.030794E+00  1.2442E+02
9.653919E+00  1.0321E+02
1.032004E+01  8.5697E+01
1.103212E+01  7.1222E+01
1.179334E+01  5.9217E+01
1.260708E+01  4.9218E+01
1.347697E+01  4.0811E+01
1.440688E+01  3.3786E+01
1.540095E+01  2.7923E+01
1.646362E+01  2.3098E+01
1.759961E+01  1.9124E+01
1.881398E+01  1.5848E+01
2.011215E+01  1.3145E+01
2.149988E+01  1.0912E+01
2.167486E+01  1.0668E+01
2.200661E+01  1.0227E+01
2.209508E+01  1.0114E+01
2.222779E+01  6.7868E+01
2.255954E+01  6.5103E+01
2.298338E+01  6.1789E+01
2.456923E+01  5.1765E+01
2.626450E+01  4.3567E+01
2.807676E+01  3.6492E+01
3.001405E+01  3.0434E+01
3.208502E+01  2.5355E+01
3.429889E+01  2.1127E+01
3.666551E+01  1.7605E+01
3.919543E+01  1.4672E+01
4.189992E+01  1.2229E+01
4.479101E+01  1.0180E+01
4.788159E+01  8.4239E+00
5.118542E+01  6.9713E+00
5.471721E+01  5.7697E+00
5.849270E+01  4.7756E+00
6.252870E+01  3.9528E+00
6.684318E+01  3.2718E+00
7.145536E+01  2.7068E+00
7.638578E+01  2.2387E+00
8.165640E+01  1.8492E+00
8.729069E+01  1.5230E+00
9.331374E+01  1.2543E+00
9.975239E+01  1.0321E+00
1.066353E+02  8.4874E-01
1.139931E+02  6.9797E-01
1.218587E+02  5.7402E-01
1.302669E+02  4.7210E-01
1.392553E+02  3.8829E-01
1.488640E+02  3.1938E-01
1.591356E+02  2.6270E-01
1.701159E+02  2.1610E-01
1.818539E+02  1.7777E-01
1.944018E+02  1.4624E-01
2.078156E+02  1.2031E-01
2.221548E+02  9.8979E-02
2.374835E+02  8.1433E-02
2.538699E+02  6.7001E-02
2.713869E+02  5.5128E-02
2.901126E+02  4.5360E-02
3.101304E+02  3.7324E-02
3.315294E+02  3.0713E-02
3.544049E+02  2.5274E-02
3.788588E+02  2.0798E-02
4.050001E+02  1.7116E-02
4.329451E+02  1.4085E-02