Sm (Z = 62) Atomic weight: Ar = 150.3600 g mol-1   Nominal density:   ? (g cm-3) = 7.5100
sigma(barns/atom) = [mue/rho](cm2 g-1)  ×  2.49679E+02
E(eV) [mue/rho](cm2 g-1) = f2(e atom-1)  ×  2.79864E+05
18 edges. Edge energies (keV):
K      4.68342E+01  
L I    7.73680E+00  
L II   7.31180E+00  
L III  6.71620E+00 
M I    1.72280E+00  
M II   1.54070E+00  
M III  1.41980E+00  
M IV   1.10600E+00 
M V    1.08020E+00  
N I    3.45700E-01  
N II   2.65600E-01  
N III  2.47400E-01 
N IV   1.29000E-01  
N V    1.29000E-01  
N VI   5.50000E-03  
O I    3.74000E-02 
O II   2.13000E-02  
O III  2.13000E-02 
Data
E/keV            [mue/rho]Photoelectric/cm2g-1
5.527500E-03  1.6925E+03
5.610000E-03  1.7494E+03
1.069000E-02  4.9912E+03
1.142761E-02  5.3817E+03
1.221612E-02  5.7893E+03
1.305903E-02  6.2168E+03
1.396010E-02  6.6666E+03
1.492335E-02  7.1413E+03
1.595306E-02  7.6430E+03
1.705382E-02  8.1735E+03
1.823053E-02  8.7342E+03
1.948844E-02  9.3260E+03
2.083314E-02  9.9489E+03
2.087400E-02  9.9677E+03
2.119350E-02  1.0114E+04
2.127870E-02  1.0153E+04
2.140650E-02  2.1994E+05
2.172600E-02  2.0874E+05
2.227063E-02  1.9139E+05
2.380730E-02  1.5198E+05
2.545001E-02  1.1994E+05
2.720606E-02  9.4305E+04
2.908327E-02  7.4545E+04
3.109002E-02  5.9727E+04
3.323523E-02  4.8839E+04
3.552846E-02  4.0958E+04
3.665200E-02  3.8087E+04
3.721300E-02  3.6842E+04
3.736260E-02  3.6529E+04
3.758700E-02  3.6238E+04
3.797993E-02  3.5484E+04
3.814800E-02  3.5176E+04
4.060054E-02  3.1510E+04
4.340198E-02  2.8716E+04
4.639671E-02  2.6760E+04
4.959809E-02  2.5388E+04
5.302035E-02  2.4410E+04
5.667876E-02  2.3649E+04
6.058959E-02  2.3068E+04
6.477028E-02  2.2601E+04
6.923942E-02  2.2203E+04
7.401695E-02  2.1842E+04
7.912411E-02  2.1498E+04
8.458368E-02  2.1158E+04
9.041995E-02  2.0813E+04
9.665893E-02  2.0462E+04
1.0000000E-01  2.0279E+04
1.0050000E-01  2.0252E+04
1.0100250E-01  2.0225E+04
1.0150751E-01  2.0198E+04
1.0201505E-01  2.0170E+04
1.0252513E-01  2.0143E+04
1.0303775E-01  2.0116E+04
1.0355294E-01  2.0048E+04
1.0407070E-01  1.9945E+04
1.0459106E-01  1.9841E+04
1.0511401E-01  1.9737E+04
1.0563958E-01  1.9634E+04
1.0616778E-01  1.9530E+04
1.0669862E-01  1.9426E+04
1.0723211E-01  1.9323E+04
1.0776827E-01  1.9219E+04
1.0830712E-01  1.9115E+04
1.0884865E-01  1.9012E+04
1.0939289E-01  1.8908E+04
1.0993986E-01  1.8804E+04
1.1048956E-01  1.8701E+04
1.1104201E-01  1.8597E+04
1.1159722E-01  1.8494E+04
1.1215520E-01  1.8390E+04
1.1271598E-01  1.8287E+04
1.1327956E-01  1.8184E+04
1.1384596E-01  1.8080E+04
1.1441519E-01  1.7977E+04
1.1498726E-01  1.7874E+04
1.1556220E-01  1.7771E+04
1.1614001E-01  1.7668E+04
1.1672071E-01  1.7566E+04
1.1730431E-01  1.7463E+04
1.1789083E-01  1.7360E+04
1.1848029E-01  1.7258E+04
1.1907269E-01  1.7155E+04
1.1966805E-01  1.7053E+04
1.2026639E-01  1.6951E+04
1.2086772E-01  1.6849E+04
1.2147206E-01  1.6747E+04
1.2207942E-01  1.6645E+04
1.2268982E-01  1.6544E+04
1.2330327E-01  1.6443E+04
1.2391979E-01  1.6341E+04
1.2453939E-01  1.6240E+04
1.2516208E-01  1.6139E+04
1.2578789E-01  1.6039E+04
1.2641683E-01  1.5938E+04
1.2704892E-01  1.5838E+04
1.2768416E-01  1.5738E+04
1.2832258E-01  1.5638E+04
1.2896419E-01  1.5538E+04
1.2897987E-01  1.5535E+04
1.2902012E-01  6.3193E+04
1.2960902E-01  6.0137E+04
1.3025706E-01  5.7000E+04
1.3090835E-01  5.4071E+04
1.3156289E-01  5.1333E+04
1.3222070E-01  4.8776E+04
1.3288181E-01  4.6385E+04
1.3354621E-01  4.4151E+04
1.3421395E-01  4.2062E+04
1.3488502E-01  4.0108E+04
1.3555944E-01  3.8281E+04
1.3623724E-01  3.6571E+04
1.3691842E-01  3.4972E+04
1.3760302E-01  3.3475E+04
1.3829103E-01  3.2073E+04
1.3898249E-01  3.0760E+04
1.3967740E-01  2.9530E+04
1.4037579E-01  2.8377E+04
1.4107766E-01  2.7297E+04
1.4178305E-01  2.6283E+04
1.4249197E-01  2.5337E+04
1.4320443E-01  2.4466E+04
1.4392045E-01  2.3663E+04
1.4464005E-01  2.2922E+04
1.4536325E-01  2.2236E+04
1.4609007E-01  2.1600E+04
1.4682052E-01  2.1009E+04
1.4755462E-01  2.0459E+04
1.4829239E-01  1.9946E+04
1.4903386E-01  1.9467E+04
1.4977903E-01  1.9018E+04
1.5052792E-01  1.8597E+04
1.5128056E-01  1.8202E+04
1.5203696E-01  1.7829E+04
1.5279715E-01  1.7478E+04
1.5356113E-01  1.7146E+04
1.5432894E-01  1.6832E+04
1.5510058E-01  1.6533E+04
1.5587609E-01  1.6250E+04
1.5665547E-01  1.5981E+04
1.5743875E-01  1.5724E+04
1.5822594E-01  1.5479E+04
1.5901707E-01  1.5245E+04
1.5981215E-01  1.5021E+04
1.6061121E-01  1.4806E+04
1.6141427E-01  1.4600E+04
1.6222134E-01  1.4402E+04
1.6303245E-01  1.4211E+04
1.6384761E-01  1.4027E+04
1.6466685E-01  1.3850E+04
1.6549018E-01  1.3679E+04
1.6631763E-01  1.3513E+04
1.6714922E-01  1.3353E+04
1.6798497E-01  1.3197E+04
1.6882489E-01  1.3046E+04
1.6966902E-01  1.2900E+04
1.7051736E-01  1.2758E+04
1.7136995E-01  1.2620E+04
1.7222680E-01  1.2485E+04
1.7308793E-01  1.2354E+04
1.7395337E-01  1.2226E+04
1.7482314E-01  1.2101E+04
1.7569726E-01  1.1979E+04
1.7657574E-01  1.1860E+04
1.7745862E-01  1.1744E+04
1.7834591E-01  1.1630E+04
1.7923764E-01  1.1518E+04
1.8013383E-01  1.1409E+04
1.8103450E-01  1.1302E+04
1.8193967E-01  1.1198E+04
1.8284937E-01  1.1095E+04
1.8376362E-01  1.0994E+04
1.8468244E-01  1.0895E+04
1.8560585E-01  1.0798E+04
1.8653388E-01  1.0703E+04
1.8746655E-01  1.0609E+04
1.8840388E-01  1.0517E+04
1.8934590E-01  1.0427E+04
1.9029263E-01  1.0338E+04
1.9124409E-01  1.0250E+04
1.9220031E-01  1.0164E+04
1.9316131E-01  1.0079E+04
1.9412712E-01  9.9958E+03
1.9509776E-01  9.9136E+03
1.9607325E-01  9.8328E+03
1.9705361E-01  9.7532E+03
1.9803888E-01  9.6748E+03
1.9902907E-01  9.5975E+03
2.0002422E-01  9.5214E+03
2.0102434E-01  9.4464E+03
2.0202946E-01  9.3725E+03
2.0303961E-01  9.2997E+03
2.0405481E-01  9.2279E+03
2.0507508E-01  9.1571E+03
2.0610046E-01  9.0874E+03
2.0713096E-01  9.0186E+03
2.0816661E-01  8.9508E+03
2.0920745E-01  8.8840E+03
2.1025348E-01  8.8181E+03
2.1130475E-01  8.7531E+03
2.1236128E-01  8.6890E+03
2.1342308E-01  8.6258E+03
2.1449020E-01  8.5635E+03
2.1556265E-01  8.5021E+03
2.1664046E-01  8.4415E+03
2.1772366E-01  8.3818E+03
2.1881228E-01  8.3228E+03
2.1990634E-01  8.2648E+03
2.2100588E-01  8.2075E+03
2.2211090E-01  8.1510E+03
2.2322146E-01  8.0953E+03
2.2433757E-01  8.0404E+03
2.2545925E-01  7.9862E+03
2.2658655E-01  7.9329E+03
2.2771948E-01  7.8802E+03
2.2885808E-01  7.8284E+03
2.3000237E-01  7.7772E+03
2.3115238E-01  7.7268E+03
2.3230814E-01  7.6771E+03
2.3346969E-01  7.6281E+03
2.3463703E-01  7.5798E+03
2.3581022E-01  7.5322E+03
2.3698927E-01  7.4853E+03
2.3817422E-01  7.4391E+03
2.3936509E-01  7.3936E+03
2.4056191E-01  7.3487E+03
2.4176472E-01  7.3045E+03
2.4297355E-01  7.2610E+03
2.4418841E-01  7.2181E+03
2.4540936E-01  7.1758E+03
2.4663640E-01  7.1341E+03
2.4723820E-01  7.1140E+03
2.4756180E-01  8.2955E+03
2.4786959E-01  8.2850E+03
2.4910893E-01  8.2433E+03
2.5035448E-01  8.2022E+03
2.5160625E-01  8.1617E+03
2.5286428E-01  8.1219E+03
2.5412860E-01  8.0826E+03
2.5539925E-01  8.0439E+03
2.5667624E-01  8.0057E+03
2.5795962E-01  7.9682E+03
2.5924942E-01  7.9312E+03
2.6054567E-01  7.8948E+03
2.6184840E-01  7.8589E+03
2.6315764E-01  7.8235E+03
2.6447343E-01  7.7887E+03
2.6540451E-01  7.7645E+03
2.6579579E-01  8.1039E+03
2.6712477E-01  8.0701E+03
2.6846040E-01  8.0368E+03
2.6980270E-01  8.0039E+03
2.7115171E-01  7.9716E+03
2.7250747E-01  7.9398E+03
2.7387001E-01  7.9084E+03
2.7523936E-01  7.8775E+03
2.7661556E-01  7.8470E+03
2.7799863E-01  7.8170E+03
2.7938863E-01  7.7873E+03
2.8078557E-01  7.7581E+03
2.8218950E-01  7.7293E+03
2.8360044E-01  7.7009E+03
2.8501845E-01  7.6728E+03
2.8644354E-01  7.6452E+03
2.8787576E-01  7.6179E+03
2.8931514E-01  7.5910E+03
2.9076171E-01  7.5644E+03
2.9221552E-01  7.5382E+03
2.9367660E-01  7.5124E+03
2.9514498E-01  7.4868E+03
2.9662071E-01  7.4616E+03
2.9810381E-01  7.4367E+03
2.9959433E-01  7.4121E+03
3.0109230E-01  7.3879E+03
3.0259776E-01  7.3639E+03
3.0411075E-01  7.3401E+03
3.0563130E-01  7.3167E+03
3.0715946E-01  7.2935E+03
3.0869526E-01  7.2706E+03
3.1023873E-01  7.2479E+03
3.1178993E-01  7.2255E+03
3.1334888E-01  7.2032E+03
3.1491562E-01  7.1813E+03
3.1649020E-01  7.1595E+03
3.1807265E-01  7.1379E+03
3.1966301E-01  7.1166E+03
3.2126133E-01  7.0954E+03
3.2286764E-01  7.0744E+03
3.2448197E-01  7.0535E+03
3.2610438E-01  7.0329E+03
3.2773491E-01  7.0124E+03
3.2937358E-01  6.9920E+03
3.3102045E-01  6.9718E+03
3.3267555E-01  6.9517E+03
3.3433893E-01  6.9317E+03
3.3601062E-01  6.9119E+03
3.3769068E-01  6.8922E+03
3.3937913E-01  6.8725E+03
3.4107602E-01  6.8530E+03
3.4278140E-01  6.8335E+03
3.4449531E-01  6.8141E+03
3.4532318E-01  6.8048E+03
3.4607681E-01  7.2199E+03
3.4621779E-01  7.2182E+03
3.4794888E-01  7.1978E+03
3.4968862E-01  7.1774E+03
3.5143706E-01  7.1570E+03
3.5319425E-01  7.1367E+03
3.5496022E-01  7.1165E+03
3.5673502E-01  7.0963E+03
3.5851870E-01  7.0761E+03
3.6031129E-01  7.0559E+03
3.6211285E-01  7.0357E+03
3.6392341E-01  7.0156E+03
3.6574303E-01  6.9954E+03
3.6757174E-01  6.9752E+03
3.6940960E-01  6.9550E+03
3.7125665E-01  6.9348E+03
3.7311293E-01  6.9146E+03
3.7497850E-01  6.8944E+03
3.7685339E-01  6.8741E+03
3.7873766E-01  6.8537E+03
3.8063135E-01  6.8334E+03
3.8253450E-01  6.8129E+03
3.8444718E-01  6.7924E+03
3.8636941E-01  6.7718E+03
3.8830126E-01  6.7512E+03
3.9024276E-01  6.7304E+03
3.9219398E-01  6.7096E+03
3.9415495E-01  6.6886E+03
3.9612572E-01  6.6676E+03
3.9810635E-01  6.6465E+03
4.0009688E-01  6.6252E+03
4.0209737E-01  6.6038E+03
4.0410785E-01  6.5823E+03
4.0612839E-01  6.5607E+03
4.0815904E-01  6.5390E+03
4.1019983E-01  6.5171E+03
4.1225083E-01  6.4952E+03
4.1431208E-01  6.4731E+03
4.1638364E-01  6.4509E+03
4.1846556E-01  6.4285E+03
4.2055789E-01  6.4060E+03
4.2266068E-01  6.3834E+03
4.2477398E-01  6.3607E+03
4.2689785E-01  6.3379E+03
4.2903234E-01  6.3149E+03
4.3117750E-01  6.2917E+03
4.3333339E-01  6.2685E+03
4.3550006E-01  6.2451E+03
4.3767756E-01  6.2216E+03
4.3986595E-01  6.1979E+03
4.4206528E-01  6.1741E+03
4.4427560E-01  6.1501E+03
4.4649698E-01  6.1261E+03
4.4872947E-01  6.1019E+03
4.5097311E-01  6.0775E+03
4.5322798E-01  6.0530E+03
4.5549412E-01  6.0284E+03
4.5777159E-01  6.0036E+03
4.6006045E-01  5.9787E+03
4.6236075E-01  5.9537E+03
4.6467255E-01  5.9286E+03
4.6699592E-01  5.9033E+03
4.6933090E-01  5.8779E+03
4.7167755E-01  5.8523E+03
4.7403594E-01  5.8266E+03
4.7640612E-01  5.8008E+03
4.7878815E-01  5.7749E+03
4.8118209E-01  5.7489E+03
4.8358800E-01  5.7227E+03
4.8600594E-01  5.6964E+03
4.8843597E-01  5.6700E+03
4.9087815E-01  5.6435E+03
4.9333254E-01  5.6169E+03
4.9579920E-01  5.5902E+03
4.9827820E-01  5.5633E+03
5.0076959E-01  5.5364E+03
5.0327344E-01  5.5093E+03
5.0578980E-01  5.4822E+03
5.0831875E-01  5.4549E+03
5.1086035E-01  5.4276E+03
5.1341465E-01  5.4002E+03
5.1598172E-01  5.3726E+03
5.1856163E-01  5.3450E+03
5.2115444E-01  5.3172E+03
5.2376021E-01  5.2894E+03
5.2637901E-01  5.2613E+03
5.2901091E-01  5.2332E+03
5.3165596E-01  5.2050E+03
5.3431424E-01  5.1766E+03
5.3698581E-01  5.1482E+03
5.3967074E-01  5.1196E+03
5.4236910E-01  5.0910E+03
5.4508094E-01  5.0622E+03
5.4780635E-01  5.0334E+03
5.5054538E-01  5.0045E+03
5.5329810E-01  4.9756E+03
5.5606460E-01  4.9466E+03
5.5884492E-01  4.9175E+03
5.6163914E-01  4.8883E+03
5.6444734E-01  4.8591E+03
5.6726958E-01  4.8299E+03
5.7010592E-01  4.8006E+03
5.7295645E-01  4.7713E+03
5.7582123E-01  4.7420E+03
5.7870034E-01  4.7126E+03
5.8159384E-01  4.6832E+03
5.8450181E-01  4.6538E+03
5.8742432E-01  4.6244E+03
5.9036144E-01  4.5949E+03
5.9331325E-01  4.5655E+03
5.9627982E-01  4.5361E+03
5.9926122E-01  4.5067E+03
6.0225752E-01  4.4772E+03
6.0526881E-01  4.4478E+03
6.0829515E-01  4.4185E+03
6.1133663E-01  4.3891E+03
6.1439331E-01  4.3598E+03
6.1746528E-01  4.3305E+03
6.2055260E-01  4.3012E+03
6.2365537E-01  4.2720E+03
6.2677364E-01  4.2428E+03
6.2990751E-01  4.2137E+03
6.3305705E-01  4.1846E+03
6.3622234E-01  4.1556E+03
6.3940345E-01  4.1266E+03
6.4260046E-01  4.0977E+03
6.4581347E-01  4.0689E+03
6.4904253E-01  4.0401E+03
6.5228775E-01  4.0114E+03
6.5554919E-01  3.9828E+03
6.5882693E-01  3.9543E+03
6.6212107E-01  3.9258E+03
6.6543167E-01  3.8974E+03
6.6875883E-01  3.8692E+03
6.7210262E-01  3.8410E+03
6.7546314E-01  3.8129E+03
6.7884045E-01  3.7848E+03
6.8223466E-01  3.7569E+03
6.8564583E-01  3.7291E+03
6.8907406E-01  3.7014E+03
6.9251943E-01  3.6738E+03
6.9598202E-01  3.6463E+03
6.9946194E-01  3.6189E+03
7.0295924E-01  3.5917E+03
7.0647404E-01  3.5645E+03
7.1000641E-01  3.5374E+03
7.1355644E-01  3.5105E+03
7.1712423E-01  3.4836E+03
7.2070985E-01  3.4569E+03
7.2431340E-01  3.4304E+03
7.2793496E-01  3.4039E+03
7.3157464E-01  3.3776E+03
7.3523251E-01  3.3514E+03
7.3890867E-01  3.3253E+03
7.4260322E-01  3.2994E+03
7.4631623E-01  3.2736E+03
7.5004781E-01  3.2479E+03
7.5379805E-01  3.2224E+03
7.5756704E-01  3.1970E+03
7.6135488E-01  3.1718E+03
7.6516165E-01  3.1466E+03
7.6898746E-01  3.1217E+03
7.7283240E-01  3.0968E+03
7.7669656E-01  3.0721E+03
7.8058004E-01  3.0476E+03
7.8448294E-01  3.0232E+03
7.8840536E-01  2.9989E+03
7.9234738E-01  2.9748E+03
7.9630912E-01  2.9508E+03
8.0029067E-01  2.9270E+03
8.0429212E-01  2.9033E+03
8.0831358E-01  2.8798E+03
8.1235515E-01  2.8564E+03
8.1641693E-01  2.8331E+03
8.2049901E-01  2.8100E+03
8.2460150E-01  2.7871E+03
8.2872451E-01  2.7643E+03
8.3286813E-01  2.7416E+03
8.3703248E-01  2.7191E+03
8.4121764E-01  2.6968E+03
8.4542373E-01  2.6746E+03
8.4965084E-01  2.6525E+03
8.5389910E-01  2.6306E+03
8.5816859E-01  2.6089E+03
8.6245944E-01  2.5873E+03
8.6677173E-01  2.5658E+03
8.7110559E-01  2.5445E+03
8.7546112E-01  2.5234E+03
8.7983843E-01  2.5024E+03
8.8423762E-01  2.4815E+03
8.8865881E-01  2.4608E+03
8.9310210E-01  2.4403E+03
8.9756761E-01  2.4198E+03
9.0205545E-01  2.3996E+03
9.0656573E-01  2.3795E+03
9.1109856E-01  2.3595E+03
9.1565405E-01  2.3397E+03
9.2023232E-01  2.3200E+03
9.2483348E-01  2.3005E+03
9.2945765E-01  2.2811E+03
9.3410494E-01  2.2619E+03
9.3877546E-01  2.2428E+03
9.4346934E-01  2.2238E+03
9.4818668E-01  2.2050E+03
9.5292762E-01  2.1863E+03
9.5769226E-01  2.1678E+03
9.6248072E-01  2.1495E+03
9.6729312E-01  2.1312E+03
9.7212959E-01  2.1131E+03
9.7699023E-01  2.0952E+03
9.8187519E-01  2.0774E+03
9.8678456E-01  2.0597E+03
9.9171848E-01  2.0422E+03
9.9667708E-01  2.0248E+03
1.0016605E+00  2.0061E+03
1.0066688E+00  1.9849E+03
1.0117021E+00  1.9639E+03
1.0167606E+00  1.9432E+03
1.0218444E+00  1.9226E+03
1.0269536E+00  1.9023E+03
1.0320884E+00  1.8823E+03
1.0372489E+00  1.8624E+03
1.0424351E+00  1.8428E+03
1.0476473E+00  1.8233E+03
1.0528855E+00  1.8041E+03
1.0581499E+00  1.7852E+03
1.0634407E+00  1.7663E+03
1.0687579E+00  1.7475E+03
1.0741017E+00  1.7289E+03
1.0794722E+00  1.7105E+03
1.0800822E+00  1.7084E+03
1.0803177E+00  6.8597E+03
1.0848695E+00  6.7864E+03
1.0902939E+00  6.7006E+03
1.0957454E+00  6.6158E+03
1.1012241E+00  6.5321E+03
1.1058130E+00  6.4632E+03
1.1061869E+00  9.7642E+03
1.1067302E+00  9.7519E+03
1.1122639E+00  9.6272E+03
1.1178252E+00  9.5041E+03
1.1234143E+00  9.3826E+03
1.1290314E+00  9.2627E+03
1.1346765E+00  9.1443E+03
1.1403499E+00  9.0275E+03
1.1460517E+00  8.9121E+03
1.1517819E+00  8.7983E+03
1.1575408E+00  8.6859E+03
1.1633285E+00  8.5750E+03
1.1691452E+00  8.4655E+03
1.1749909E+00  8.3574E+03
1.1808659E+00  8.2508E+03
1.1867702E+00  8.1455E+03
1.1927040E+00  8.0415E+03
1.1986676E+00  7.9389E+03
1.2046609E+00  7.8377E+03
1.2106842E+00  7.7377E+03
1.2167376E+00  7.6390E+03
1.2228213E+00  7.5416E+03
1.2289354E+00  7.4455E+03
1.2350801E+00  7.3506E+03
1.2412555E+00  7.2569E+03
1.2474618E+00  7.1644E+03
1.2536991E+00  7.0731E+03
1.2599676E+00  6.9830E+03
1.2662674E+00  6.8941E+03
1.2725988E+00  6.8063E+03
1.2789618E+00  6.7196E+03
1.2853566E+00  6.6341E+03
1.2917833E+00  6.5496E+03
1.2982423E+00  6.4663E+03
1.3047335E+00  6.3840E+03
1.3112571E+00  6.3028E+03
1.3178134E+00  6.2226E+03
1.3244025E+00  6.1435E+03
1.3310245E+00  6.0653E+03
1.3376796E+00  5.9882E+03
1.3443680E+00  5.9121E+03
1.3510899E+00  5.8370E+03
1.3578453E+00  5.7628E+03
1.3646345E+00  5.6896E+03
1.3714577E+00  5.6173E+03
1.3783150E+00  5.5459E+03
1.3852066E+00  5.4755E+03
1.3921326E+00  5.4059E+03
1.3990933E+00  5.3372E+03
1.4060887E+00  5.2695E+03
1.4131192E+00  5.2029E+03
1.4187409E+00  5.1505E+03
1.4201848E+00  6.0118E+03
1.4208592E+00  6.0043E+03
1.4272857E+00  5.9336E+03
1.4344221E+00  5.8563E+03
1.4415942E+00  5.7802E+03
1.4488022E+00  5.7051E+03
1.4560462E+00  5.6310E+03
1.4633265E+00  5.5579E+03
1.4706431E+00  5.4858E+03
1.4779963E+00  5.4146E+03
1.4853863E+00  5.3443E+03
1.4928132E+00  5.2765E+03
1.5002773E+00  5.2116E+03
1.5077787E+00  5.1477E+03
1.5153176E+00  5.0849E+03
1.5228942E+00  5.0230E+03
1.5305086E+00  4.9621E+03
1.5381612E+00  4.9021E+03
1.5395028E+00  4.8918E+03
1.5418971E+00  5.2137E+03
1.5458520E+00  5.1805E+03
1.5535812E+00  5.1165E+03
1.5613491E+00  5.0534E+03
1.5691559E+00  4.9914E+03
1.5770017E+00  4.9302E+03
1.5848867E+00  4.8699E+03
1.5928111E+00  4.8105E+03
1.6007752E+00  4.7520E+03
1.6087790E+00  4.6943E+03
1.6168229E+00  4.6376E+03
1.6249070E+00  4.5833E+03
1.6330316E+00  4.5300E+03
1.6411967E+00  4.4775E+03
1.6494027E+00  4.4258E+03
1.6576497E+00  4.3749E+03
1.6659380E+00  4.3247E+03
1.6742677E+00  4.2753E+03
1.6826390E+00  4.2266E+03
1.6910522E+00  4.1787E+03
1.6995075E+00  4.1314E+03
1.7080050E+00  4.0849E+03
1.7165450E+00  4.0389E+03
1.7203536E+00  4.0187E+03
1.7251278E+00  4.1849E+03
1.7252464E+00  4.1843E+03
1.7337534E+00  4.1386E+03
1.7424222E+00  4.0929E+03
1.7511343E+00  4.0478E+03
1.7598899E+00  4.0033E+03
1.7686894E+00  3.9594E+03
1.7775328E+00  3.9160E+03
1.7864205E+00  3.8732E+03
1.7953526E+00  3.8310E+03
1.8043294E+00  3.7893E+03
1.8133510E+00  3.7482E+03
1.8224178E+00  3.7078E+03
1.8315299E+00  3.6678E+03
1.8406875E+00  3.6284E+03
1.8498909E+00  3.5889E+03
1.8591404E+00  3.5493E+03
1.8684361E+00  3.5101E+03
1.8777783E+00  3.4715E+03
1.8871672E+00  3.4332E+03
1.8966030E+00  3.3954E+03
1.9060860E+00  3.3581E+03
1.9156165E+00  3.3212E+03
1.9251945E+00  3.2847E+03
1.9348205E+00  3.2486E+03
1.9444946E+00  3.2130E+03
1.9542171E+00  3.1777E+03
1.9639882E+00  3.1429E+03
1.9738081E+00  3.1084E+03
1.9836772E+00  3.0743E+03
1.9935955E+00  3.0407E+03
2.0035635E+00  3.0073E+03
2.0135813E+00  2.9738E+03
2.0236492E+00  2.9406E+03
2.0337675E+00  2.9078E+03
2.0439363E+00  2.8753E+03
2.0541560E+00  2.8432E+03
2.0644268E+00  2.8115E+03
2.0747489E+00  2.7801E+03
2.0851227E+00  2.7490E+03
2.0955483E+00  2.7183E+03
2.1060260E+00  2.6879E+03
2.1165562E+00  2.6579E+03
2.1271389E+00  2.6282E+03
2.1377746E+00  2.5988E+03
2.1484635E+00  2.5697E+03
2.1592058E+00  2.5409E+03
2.1700018E+00  2.5118E+03
2.1808519E+00  2.4829E+03
2.1917561E+00  2.4544E+03
2.2027149E+00  2.4261E+03
2.2137285E+00  2.3981E+03
2.2247971E+00  2.3701E+03
2.2359211E+00  2.3423E+03
2.2471007E+00  2.3148E+03
2.2583362E+00  2.2875E+03
2.2696279E+00  2.2606E+03
2.2809760E+00  2.2340E+03
2.2923809E+00  2.2077E+03
2.3038428E+00  2.1818E+03
2.3153620E+00  2.1561E+03
2.3269388E+00  2.1307E+03
2.3385735E+00  2.1056E+03
2.3502664E+00  2.0808E+03
2.3620177E+00  2.0563E+03
2.3738278E+00  2.0321E+03
2.3856970E+00  2.0082E+03
2.3976254E+00  1.9846E+03
2.4096136E+00  1.9613E+03
2.4216616E+00  1.9382E+03
2.4337699E+00  1.9151E+03
2.4459388E+00  1.8923E+03
2.4581685E+00  1.8697E+03
2.4704593E+00  1.8474E+03
2.4828116E+00  1.8254E+03
2.4952257E+00  1.8037E+03
2.5077018E+00  1.7822E+03
2.5202403E+00  1.7610E+03
2.5328415E+00  1.7401E+03
2.5455057E+00  1.7194E+03
2.5582333E+00  1.6990E+03
2.5710244E+00  1.6788E+03
2.5838796E+00  1.6588E+03
2.5967990E+00  1.6392E+03
2.6097829E+00  1.6197E+03
2.6228319E+00  1.6005E+03
2.6359460E+00  1.5816E+03
2.6491257E+00  1.5628E+03
2.6623714E+00  1.5444E+03
2.6756832E+00  1.5261E+03
2.6890617E+00  1.5081E+03
2.7025070E+00  1.4903E+03
2.7160195E+00  1.4727E+03
2.7295996E+00  1.4553E+03
2.7432476E+00  1.4382E+03
2.7569638E+00  1.4213E+03
2.7707486E+00  1.4045E+03
2.7846024E+00  1.3880E+03
2.7985254E+00  1.3717E+03
2.8125180E+00  1.3557E+03
2.8265806E+00  1.3398E+03
2.8407135E+00  1.3241E+03
2.8549171E+00  1.3084E+03
2.8691917E+00  1.2929E+03
2.8835376E+00  1.2776E+03
2.8979553E+00  1.2625E+03
2.9124451E+00  1.2476E+03
2.9270073E+00  1.2329E+03
2.9416424E+00  1.2183E+03
2.9563506E+00  1.2040E+03
2.9711323E+00  1.1898E+03
2.9859880E+00  1.1758E+03
3.0009179E+00  1.1619E+03
3.0159225E+00  1.1470E+03
3.0310021E+00  1.1322E+03
3.0461571E+00  1.1176E+03
3.0613879E+00  1.1033E+03
3.0766949E+00  1.0891E+03
3.0920783E+00  1.0750E+03
3.1075387E+00  1.0611E+03
3.1230764E+00  1.0473E+03
3.1386918E+00  1.0338E+03
3.1543853E+00  1.0204E+03
3.1701572E+00  1.0072E+03
3.1860080E+00  9.9416E+02
3.2019380E+00  9.8132E+02
3.2179477E+00  9.6865E+02
3.2340374E+00  9.5615E+02
3.2502076E+00  9.4382E+02
3.2664587E+00  9.3166E+02
3.2827910E+00  9.1967E+02
3.2992049E+00  9.0783E+02
3.3157009E+00  8.9616E+02
3.3322794E+00  8.8464E+02
3.3489408E+00  8.7328E+02
3.3656856E+00  8.6207E+02
3.3825140E+00  8.5101E+02
3.3994265E+00  8.4011E+02
3.4164237E+00  8.2935E+02
3.4335058E+00  8.1873E+02
3.4506733E+00  8.0824E+02
3.4679267E+00  7.9785E+02
3.4852663E+00  7.8760E+02
3.5026927E+00  7.7749E+02
3.5202061E+00  7.6751E+02
3.5378072E+00  7.5767E+02
3.5554962E+00  7.4796E+02
3.5732737E+00  7.3838E+02
3.5911400E+00  7.2893E+02
3.6090957E+00  7.1960E+02
3.6271412E+00  7.1040E+02
3.6452769E+00  7.0133E+02
3.6635033E+00  6.9237E+02
3.6818208E+00  6.8354E+02
3.7002299E+00  6.7482E+02
3.7187311E+00  6.6622E+02
3.7373247E+00  6.5773E+02
3.7560114E+00  6.4936E+02
3.7747914E+00  6.4110E+02
3.7936654E+00  6.3295E+02
3.8126337E+00  6.2491E+02
3.8316969E+00  6.1697E+02
3.8508554E+00  6.0914E+02
3.8701096E+00  6.0142E+02
3.8894602E+00  5.9380E+02
3.9089075E+00  5.8627E+02
3.9284520E+00  5.7885E+02
3.9480943E+00  5.7153E+02
3.9678347E+00  5.6430E+02
3.9876739E+00  5.5717E+02
4.055024E+00  5.3391E+02
4.334821E+00  4.5089E+02
4.633924E+00  3.8131E+02
4.953664E+00  3.2117E+02
5.295467E+00  2.7039E+02
5.660855E+00  2.2807E+02
6.051453E+00  1.9273E+02
6.469004E+00  1.6249E+02
6.581876E+00  1.5544E+02
6.682619E+00  1.4950E+02
6.709484E+00  1.4795E+02
6.749781E+00  4.3478E+02
6.850524E+00  4.1488E+02
6.915365E+00  4.0271E+02
7.165564E+00  3.6183E+02
7.275241E+00  3.4680E+02
7.304488E+00  3.4298E+02
7.348359E+00  4.7029E+02
7.392525E+00  4.6216E+02
7.458036E+00  4.5049E+02
7.582064E+00  4.2957E+02
7.698116E+00  4.1147E+02
7.729063E+00  4.0701E+02
7.775484E+00  4.6372E+02
7.891536E+00  4.4670E+02
7.902609E+00  4.4513E+02
8.447890E+00  3.7700E+02
9.030794E+00  3.1809E+02
9.653919E+00  2.6621E+02
1.032004E+01  2.2266E+02
1.103212E+01  1.8621E+02
1.179334E+01  1.5586E+02
1.260708E+01  1.3057E+02
1.347697E+01  1.0946E+02
1.440688E+01  9.1450E+01
1.540095E+01  7.6330E+01
1.646362E+01  6.3541E+01
1.759961E+01  5.2927E+01
1.881398E+01  4.4125E+01
2.011215E+01  3.6820E+01
2.149988E+01  3.0751E+01
2.298338E+01  2.5706E+01
2.456923E+01  2.1505E+01
2.626450E+01  1.8006E+01
2.807676E+01  1.4976E+01
3.001405E+01  1.2421E+01
3.208502E+01  1.0289E+01
3.429889E+01  8.5091E+00
3.666551E+01  7.0220E+00
3.919543E+01  5.7947E+00
4.189992E+01  4.7856E+00
4.479101E+01  3.9553E+00
4.589752E+01  3.6898E+00
4.660003E+01  3.5338E+00
4.678737E+01  3.4937E+00
4.706837E+01  1.9963E+01
4.777089E+01  1.9226E+01
4.788159E+01  1.9113E+01
5.118542E+01  1.6088E+01
5.471721E+01  1.3493E+01
5.849270E+01  1.1303E+01
6.252870E+01  9.4604E+00
6.684318E+01  7.9093E+00
7.145536E+01  6.6124E+00
7.638578E+01  5.5281E+00
8.165640E+01  4.6153E+00
8.729069E+01  3.8418E+00
9.331374E+01  3.1983E+00
9.975239E+01  2.6530E+00
1.066353E+02  2.2003E+00
1.139931E+02  1.8250E+00
1.218587E+02  1.5139E+00
1.302669E+02  1.2559E+00
1.392553E+02  1.0420E+00
1.488640E+02  8.6458E-01
1.591356E+02  7.1742E-01
1.701159E+02  5.9536E-01
1.818539E+02  4.9411E-01
1.944018E+02  4.1010E-01
2.078156E+02  3.4081E-01
2.221548E+02  2.8387E-01
2.374835E+02  2.3646E-01
2.538699E+02  1.9698E-01
2.713869E+02  1.6410E-01
2.901126E+02  1.3672E-01
3.101304E+02  1.1391E-01
3.315294E+02  9.4913E-02
3.544049E+02  7.9088E-02
3.788588E+02  6.5906E-02
4.050001E+02  5.4923E-02
4.329451E+02  4.5773E-02