Sn (Z = 50) Atomic weight: Ar = 118.6900 g mol-1   Nominal density:   ? (g cm-3) = 7.3000
sigma(barns/atom) = [mue/rho](cm2 g-1)  ×  1.97090E+02
E(eV) [mue/rho](cm2 g-1) = f2(e atom-1)  ×  3.54540E+05
14 edges. Edge energies (keV):
K      2.92001E+01  
L I    4.46470E+00  
L II   4.15610E+00  
L III  3.92880E+00 
M I    8.83800E-01  
M II   7.56400E-01  
M III  7.14400E-01  
M IV   4.93300E-01 
M V    4.84800E-01  
N I    1.36500E-01  
N II   8.86000E-02  
N III  8.86000E-02 
N IV   2.39000E-02  
N V    2.39000E-02 
Data
E/keV            [mue/rho]Photoelectric/cm2g-1
2.401950E-02  1.0525E+04
2.437800E-02  1.2539E+04
2.545001E-02  2.0856E+04
2.720606E-02  4.4523E+04
2.908327E-02  7.8007E+04
3.109002E-02  1.1301E+05
3.323523E-02  1.4015E+05
3.552846E-02  1.5334E+05
3.797993E-02  1.5194E+05
4.060054E-02  1.3942E+05
4.340198E-02  1.2077E+05
4.639671E-02  1.0035E+05
4.959809E-02  8.1072E+04
5.302035E-02  6.4398E+04
5.667876E-02  5.0753E+04
6.058959E-02  3.9976E+04
6.477028E-02  3.1650E+04
6.923942E-02  2.5296E+04
7.401695E-02  2.0474E+04
7.912411E-02  1.6819E+04
8.458368E-02  1.4040E+04
8.682800E-02  1.3139E+04
8.815700E-02  1.2658E+04
8.851140E-02  1.2536E+04
8.904300E-02  1.9059E+04
9.041995E-02  1.8236E+04
9.665893E-02  1.5178E+04
1.033284E-01  1.2907E+04
1.104581E-01  1.1294E+04
1.180797E-01  1.0115E+04
1.262272E-01  9.2321E+03
1.337700E-01  8.6348E+03
1.349368E-01  8.5562E+03
1.358175E-01  8.4990E+03
1.363635E-01  8.4644E+03
1.371825E-01  9.1820E+03
1.392300E-01  9.0635E+03
1.442475E-01  8.8042E+03
1.542005E-01  8.3903E+03
1.648404E-01  8.0413E+03
1.762144E-01  7.7333E+03
1.883732E-01  7.4501E+03
2.013709E-01  7.1795E+03
2.152655E-01  6.9129E+03
2.301188E-01  6.6439E+03
2.459970E-01  6.3686E+03
2.629708E-01  6.0848E+03
2.811158E-01  5.7919E+03
3.005128E-01  5.4906E+03
3.212482E-01  5.1824E+03
3.434143E-01  4.8698E+03
3.671099E-01  4.5553E+03
3.924405E-01  4.2411E+03
4.195189E-01  3.9305E+03
4.484657E-01  3.6270E+03
4.751040E-01  3.3400E+03
4.794098E-01  3.2961E+03
4.823760E-01  3.2662E+03
4.834340E-01  3.2557E+03
4.843152E-01  3.2469E+03
4.872240E-01  1.8042E+04
4.908335E-01  1.7765E+04
4.928067E-01  1.7616E+04
4.944960E-01  2.7303E+04
4.957665E-01  2.7152E+04
5.031660E-01  2.6296E+04
5.124891E-01  2.5273E+04
5.478508E-01  2.1880E+04
5.856525E-01  1.8991E+04
6.260625E-01  1.6507E+04
6.692609E-01  1.4341E+04
7.001120E-01  1.3030E+04
7.108280E-01  1.2613E+04
7.136856E-01  1.2505E+04
7.154399E-01  1.4133E+04
7.179720E-01  1.4033E+04
7.286880E-01  1.3620E+04
7.412720E-01  1.3157E+04
7.526180E-01  1.2759E+04
7.556436E-01  1.2656E+04
7.601820E-01  1.3185E+04
7.648052E-01  1.3029E+04
7.715280E-01  1.2807E+04
8.175768E-01  1.1423E+04
8.661240E-01  1.0154E+04
8.739896E-01  9.9662E+03
8.793810E-01  9.8401E+03
8.829162E-01  9.7587E+03
8.882190E-01  1.0075E+04
9.014760E-01  9.7758E+03
9.342948E-01  9.0874E+03
9.987612E-01  7.9279E+03
1.067676E+00  6.8119E+03
1.141345E+00  5.8497E+03
1.220098E+00  5.0216E+03
1.304285E+00  4.2970E+03
1.394281E+00  3.6722E+03
1.490486E+00  3.1390E+03
1.593329E+00  2.6821E+03
1.703269E+00  2.2918E+03
1.820795E+00  1.9579E+03
1.946430E+00  1.6732E+03
2.080733E+00  1.4196E+03
2.224304E+00  1.2053E+03
2.377781E+00  1.0250E+03
2.541848E+00  8.7299E+02
2.717235E+00  7.4461E+02
2.904724E+00  6.3540E+02
3.105150E+00  5.3437E+02
3.319406E+00  4.4453E+02
3.548445E+00  3.7041E+02
3.793288E+00  3.0873E+02
3.850224E+00  2.9649E+02
3.909156E+00  2.8453E+02
3.924871E+00  2.8146E+02
3.948444E+00  9.7158E+02
4.007376E+00  9.2590E+02
4.055024E+00  8.9103E+02
4.072978E+00  8.7834E+02
4.135319E+00  8.3693E+02
4.151944E+00  8.2717E+02
4.176880E+00  1.1381E+03
4.239222E+00  1.0887E+03
4.334821E+00  1.0194E+03
4.375406E+00  9.9248E+02
4.442377E+00  9.5159E+02
4.460236E+00  9.4118E+02
4.487024E+00  1.0715E+03
4.553994E+00  1.0315E+03
4.633924E+00  9.8705E+02
4.953664E+00  8.3698E+02
5.295467E+00  7.0951E+02
5.660855E+00  5.9843E+02
6.051453E+00  5.0331E+02
6.469004E+00  4.2274E+02
6.915365E+00  3.5501E+02
7.392525E+00  2.9826E+02
7.902609E+00  2.5075E+02
8.447890E+00  2.1053E+02
9.030794E+00  1.7631E+02
9.653919E+00  1.4622E+02
1.032004E+01  1.2137E+02
1.103212E+01  1.0084E+02
1.179334E+01  8.3852E+01
1.260708E+01  6.9794E+01
1.347697E+01  5.8144E+01
1.440688E+01  4.8446E+01
1.540095E+01  4.0390E+01
1.646362E+01  3.3708E+01
1.759961E+01  2.8096E+01
1.881398E+01  2.3375E+01
2.011215E+01  1.9401E+01
2.149988E+01  1.6083E+01
2.298338E+01  1.3344E+01
2.456923E+01  1.1082E+01
2.626450E+01  9.2116E+00
2.807676E+01  7.5830E+00
2.861610E+01  7.1678E+00
2.905410E+01  6.8530E+00
2.917090E+01  6.7722E+00
2.934610E+01  4.2681E+01
2.978410E+01  4.1000E+01
3.001405E+01  4.0153E+01
3.208502E+01  3.3571E+01
3.429889E+01  2.8124E+01
3.666551E+01  2.3577E+01
3.919543E+01  1.9727E+01
4.189992E+01  1.6463E+01
4.479101E+01  1.3731E+01
4.788159E+01  1.1446E+01
5.118542E+01  9.5388E+00
5.471721E+01  7.9476E+00
5.849270E+01  6.6212E+00
6.252870E+01  5.4924E+00
6.684318E+01  4.5563E+00
7.145536E+01  3.7801E+00
7.638578E+01  3.1364E+00
8.165640E+01  2.5985E+00
8.729069E+01  2.1453E+00
9.331374E+01  1.7713E+00
9.975239E+01  1.4626E+00
1.066353E+02  1.2078E+00
1.139931E+02  9.9745E-01
1.218587E+02  8.2378E-01
1.302669E+02  6.8027E-01
1.392553E+02  5.6166E-01
1.488640E+02  4.6375E-01
1.591356E+02  3.8294E-01
1.701159E+02  3.1622E-01
1.818539E+02  2.6114E-01
1.944018E+02  2.1566E-01
2.078156E+02  1.7812E-01
2.221548E+02  1.4711E-01
2.374835E+02  1.2151E-01
2.538699E+02  1.0037E-01
2.713869E+02  8.2909E-02
2.901126E+02  6.8489E-02
3.101304E+02  5.6580E-02
3.315294E+02  4.6743E-02
3.544049E+02  3.8618E-02
3.788588E+02  3.1906E-02
4.050001E+02  2.6362E-02
4.329451E+02  2.1782E-02