Ta (Z = 73) Atomic weight: Ar = 180.9479 g mol-1   Nominal density:   ? (g cm-3) = 1.6624E+01
sigma(barns/atom) = [mue/rho](cm2 g-1)  ×  3.00471E+02
E(eV) [mue/rho](cm2 g-1) = f2(e atom-1)  ×  2.32555E+05
20 edges. Edge energies (keV):
K      6.74164E+01  
L I    1.16815E+01  
L II   1.11361E+01  
L III  9.88110E+00 
M I    2.70800E+00  
M II   2.46870E+00  
M III  2.19400E+00  
M IV   1.79320E+00 
M V    1.73510E+00  
N I    5.65500E-01  
N II   4.64800E-01  
N III  4.04500E-01 
N IV   2.41300E-01  
N V    2.29300E-01  
N VI   2.50000E-02  
N VII  2.50000E-02 
O I    7.11000E-02  
O II   4.49000E-02  
O III  3.64000E-02  
O IV   5.70000E-03 
Data
E/keV            [mue/rho]Photoelectric/cm2g-1
5.728500E-03  4.7371E+04
5.814000E-03  4.6396E+04
1.069000E-02  5.5425E+04
1.142761E-02  5.8905E+04
1.221612E-02  6.1782E+04
1.305903E-02  6.3767E+04
1.396010E-02  6.4634E+04
1.492335E-02  6.4246E+04
1.595306E-02  6.2577E+04
1.705382E-02  5.9707E+04
1.823053E-02  5.5814E+04
1.948844E-02  5.1143E+04
2.083314E-02  4.5972E+04
2.227063E-02  4.0582E+04
2.380730E-02  3.5215E+04
2.450000E-02  3.2961E+04
2.487500E-02  3.1788E+04
2.497500E-02  3.1481E+04
2.512500E-02  3.7323E+04
2.545001E-02  3.6071E+04
2.550000E-02  3.5883E+04
2.720606E-02  3.0020E+04
2.908327E-02  2.4845E+04
3.109002E-02  2.0628E+04
3.323523E-02  1.7211E+04
3.552846E-02  1.4483E+04
3.567200E-02  1.4338E+04
3.621800E-02  1.3811E+04
3.636360E-02  1.3677E+04
3.658200E-02  5.1572E+04
3.712800E-02  4.9299E+04
3.797993E-02  4.6036E+04
4.060054E-02  3.7794E+04
4.340198E-02  3.0936E+04
4.400200E-02  2.9681E+04
4.467550E-02  2.8358E+04
4.485510E-02  2.8020E+04
4.512450E-02  4.2452E+04
4.579800E-02  4.0830E+04
4.639671E-02  3.9472E+04
4.959809E-02  3.3413E+04
5.302035E-02  2.8442E+04
5.667876E-02  2.4373E+04
6.058959E-02  2.1288E+04
6.477028E-02  1.9149E+04
6.923942E-02  1.7850E+04
6.967800E-02  1.7766E+04
7.074450E-02  1.7588E+04
7.102890E-02  1.7547E+04
7.145550E-02  1.7668E+04
7.252200E-02  1.7550E+04
7.401695E-02  1.7436E+04
7.912411E-02  1.7407E+04
8.458368E-02  1.7804E+04
9.041995E-02  1.8508E+04
9.665893E-02  1.9411E+04
1.0000000E-01  1.9916E+04
1.0050000E-01  1.9992E+04
1.0100250E-01  2.0067E+04
1.0150751E-01  2.0142E+04
1.0201505E-01  2.0217E+04
1.0252513E-01  2.0291E+04
1.0303775E-01  2.0366E+04
1.0355294E-01  2.0439E+04
1.0407070E-01  2.0513E+04
1.0459106E-01  2.0585E+04
1.0511401E-01  2.0658E+04
1.0563958E-01  2.0730E+04
1.0616778E-01  2.0801E+04
1.0669862E-01  2.0872E+04
1.0723211E-01  2.0942E+04
1.0776827E-01  2.1013E+04
1.0830712E-01  2.1083E+04
1.0884865E-01  2.1152E+04
1.0939289E-01  2.1220E+04
1.0993986E-01  2.1288E+04
1.1048956E-01  2.1354E+04
1.1104201E-01  2.1420E+04
1.1159722E-01  2.1486E+04
1.1215520E-01  2.1550E+04
1.1271598E-01  2.1613E+04
1.1327956E-01  2.1676E+04
1.1384596E-01  2.1738E+04
1.1441519E-01  2.1798E+04
1.1498726E-01  2.1858E+04
1.1556220E-01  2.1917E+04
1.1614001E-01  2.1975E+04
1.1672071E-01  2.2031E+04
1.1730431E-01  2.2087E+04
1.1789083E-01  2.2142E+04
1.1848029E-01  2.2195E+04
1.1907269E-01  2.2248E+04
1.1966805E-01  2.2300E+04
1.2026639E-01  2.2350E+04
1.2086772E-01  2.2399E+04
1.2147206E-01  2.2447E+04
1.2207942E-01  2.2494E+04
1.2268982E-01  2.2540E+04
1.2330327E-01  2.2585E+04
1.2391979E-01  2.2628E+04
1.2453939E-01  2.2670E+04
1.2516208E-01  2.2711E+04
1.2578789E-01  2.2751E+04
1.2641683E-01  2.2790E+04
1.2704892E-01  2.2827E+04
1.2768416E-01  2.2863E+04
1.2832258E-01  2.2898E+04
1.2896419E-01  2.2932E+04
1.2960902E-01  2.2964E+04
1.3025706E-01  2.2995E+04
1.3090835E-01  2.3025E+04
1.3156289E-01  2.3054E+04
1.3222070E-01  2.3081E+04
1.3288181E-01  2.3107E+04
1.3354621E-01  2.3132E+04
1.3421395E-01  2.3155E+04
1.3488502E-01  2.3178E+04
1.3555944E-01  2.3199E+04
1.3623724E-01  2.3218E+04
1.3691842E-01  2.3237E+04
1.3760302E-01  2.3254E+04
1.3829103E-01  2.3269E+04
1.3898249E-01  2.3284E+04
1.3967740E-01  2.3297E+04
1.4037579E-01  2.3309E+04
1.4107766E-01  2.3320E+04
1.4178305E-01  2.3329E+04
1.4249197E-01  2.3337E+04
1.4320443E-01  2.3344E+04
1.4392045E-01  2.3349E+04
1.4464005E-01  2.3354E+04
1.4536325E-01  2.3357E+04
1.4609007E-01  2.3358E+04
1.4682052E-01  2.3359E+04
1.4755462E-01  2.3358E+04
1.4829239E-01  2.3356E+04
1.4903386E-01  2.3353E+04
1.4977903E-01  2.3348E+04
1.5052792E-01  2.3343E+04
1.5128056E-01  2.3336E+04
1.5203696E-01  2.3328E+04
1.5279715E-01  2.3318E+04
1.5356113E-01  2.3308E+04
1.5432894E-01  2.3296E+04
1.5510058E-01  2.3283E+04
1.5587609E-01  2.3269E+04
1.5665547E-01  2.3254E+04
1.5743875E-01  2.3238E+04
1.5822594E-01  2.3220E+04
1.5901707E-01  2.3201E+04
1.5981215E-01  2.3182E+04
1.6061121E-01  2.3161E+04
1.6141427E-01  2.3139E+04
1.6222134E-01  2.3116E+04
1.6303245E-01  2.3091E+04
1.6384761E-01  2.3066E+04
1.6466685E-01  2.3040E+04
1.6549018E-01  2.3013E+04
1.6631763E-01  2.2984E+04
1.6714922E-01  2.2955E+04
1.6798497E-01  2.2924E+04
1.6882489E-01  2.2893E+04
1.6966902E-01  2.2860E+04
1.7051736E-01  2.2827E+04
1.7136995E-01  2.2792E+04
1.7222680E-01  2.2757E+04
1.7308793E-01  2.2721E+04
1.7395337E-01  2.2683E+04
1.7482314E-01  2.2645E+04
1.7569726E-01  2.2606E+04
1.7657574E-01  2.2566E+04
1.7745862E-01  2.2525E+04
1.7834591E-01  2.2483E+04
1.7923764E-01  2.2441E+04
1.8013383E-01  2.2397E+04
1.8103450E-01  2.2353E+04
1.8193967E-01  2.2308E+04
1.8284937E-01  2.2262E+04
1.8376362E-01  2.2215E+04
1.8468244E-01  2.2168E+04
1.8560585E-01  2.2119E+04
1.8653388E-01  2.2070E+04
1.8746655E-01  2.2020E+04
1.8840388E-01  2.1970E+04
1.8934590E-01  2.1919E+04
1.9029263E-01  2.1867E+04
1.9124409E-01  2.1814E+04
1.9220031E-01  2.1761E+04
1.9316131E-01  2.1706E+04
1.9412712E-01  2.1652E+04
1.9509776E-01  2.1596E+04
1.9607325E-01  2.1540E+04
1.9705361E-01  2.1484E+04
1.9803888E-01  2.1427E+04
1.9902907E-01  2.1369E+04
2.0002422E-01  2.1311E+04
2.0102434E-01  2.1252E+04
2.0202946E-01  2.1192E+04
2.0303961E-01  2.1132E+04
2.0405481E-01  2.1072E+04
2.0507508E-01  2.1011E+04
2.0610046E-01  2.0949E+04
2.0713096E-01  2.0887E+04
2.0816661E-01  2.0824E+04
2.0920745E-01  2.0761E+04
2.1025348E-01  2.0698E+04
2.1130475E-01  2.0634E+04
2.1236128E-01  2.0570E+04
2.1342308E-01  2.0505E+04
2.1449020E-01  2.0440E+04
2.1556265E-01  2.0374E+04
2.1664046E-01  2.0308E+04
2.1772366E-01  2.0242E+04
2.1881228E-01  2.0175E+04
2.1990634E-01  2.0108E+04
2.2100588E-01  2.0041E+04
2.2211090E-01  1.9973E+04
2.2322146E-01  1.9905E+04
2.2433757E-01  1.9837E+04
2.2545925E-01  1.9768E+04
2.2658655E-01  1.9699E+04
2.2771948E-01  1.9630E+04
2.2885808E-01  1.9561E+04
2.2912551E-01  1.9544E+04
2.2947450E-01  2.1077E+04
2.3000237E-01  2.1032E+04
2.3115238E-01  2.0935E+04
2.3230814E-01  2.0838E+04
2.3346969E-01  2.0741E+04
2.3463703E-01  2.0644E+04
2.3581022E-01  2.0548E+04
2.3698927E-01  2.0452E+04
2.3817422E-01  2.0356E+04
2.3936509E-01  2.0260E+04
2.4056191E-01  2.0165E+04
2.4111348E-01  2.0122E+04
2.4148653E-01  2.1186E+04
2.4176472E-01  2.1159E+04
2.4297355E-01  2.1043E+04
2.4418841E-01  2.0927E+04
2.4540936E-01  2.0812E+04
2.4663640E-01  2.0698E+04
2.4786959E-01  2.0585E+04
2.4910893E-01  2.0472E+04
2.5035448E-01  2.0360E+04
2.5160625E-01  2.0248E+04
2.5286428E-01  2.0137E+04
2.5412860E-01  2.0018E+04
2.5539925E-01  1.9901E+04
2.5667624E-01  1.9785E+04
2.5795962E-01  1.9670E+04
2.5924942E-01  1.9556E+04
2.6054567E-01  1.9444E+04
2.6184840E-01  1.9332E+04
2.6315764E-01  1.9215E+04
2.6447343E-01  1.9098E+04
2.6579579E-01  1.8983E+04
2.6712477E-01  1.8868E+04
2.6846040E-01  1.8755E+04
2.6980270E-01  1.8643E+04
2.7115171E-01  1.8532E+04
2.7250747E-01  1.8422E+04
2.7387001E-01  1.8314E+04
2.7523936E-01  1.8206E+04
2.7661556E-01  1.8100E+04
2.7799863E-01  1.7994E+04
2.7938863E-01  1.7889E+04
2.8078557E-01  1.7786E+04
2.8218950E-01  1.7683E+04
2.8360044E-01  1.7581E+04
2.8501845E-01  1.7479E+04
2.8644354E-01  1.7379E+04
2.8787576E-01  1.7279E+04
2.8931514E-01  1.7180E+04
2.9076171E-01  1.7081E+04
2.9221552E-01  1.6984E+04
2.9367660E-01  1.6887E+04
2.9514498E-01  1.6790E+04
2.9662071E-01  1.6695E+04
2.9810381E-01  1.6600E+04
2.9959433E-01  1.6505E+04
3.0109230E-01  1.6411E+04
3.0259776E-01  1.6318E+04
3.0411075E-01  1.6225E+04
3.0563130E-01  1.6133E+04
3.0715946E-01  1.6042E+04
3.0869526E-01  1.5951E+04
3.1023873E-01  1.5861E+04
3.1178993E-01  1.5771E+04
3.1334888E-01  1.5681E+04
3.1491562E-01  1.5593E+04
3.1649020E-01  1.5504E+04
3.1807265E-01  1.5417E+04
3.1966301E-01  1.5329E+04
3.2126133E-01  1.5243E+04
3.2286764E-01  1.5157E+04
3.2448197E-01  1.5071E+04
3.2610438E-01  1.4986E+04
3.2773491E-01  1.4901E+04
3.2937358E-01  1.4817E+04
3.3102045E-01  1.4733E+04
3.3267555E-01  1.4650E+04
3.3433893E-01  1.4567E+04
3.3601062E-01  1.4485E+04
3.3769068E-01  1.4403E+04
3.3937913E-01  1.4322E+04
3.4107602E-01  1.4241E+04
3.4278140E-01  1.4161E+04
3.4449531E-01  1.4081E+04
3.4621779E-01  1.4002E+04
3.4794888E-01  1.3923E+04
3.4968862E-01  1.3845E+04
3.5143706E-01  1.3767E+04
3.5319425E-01  1.3689E+04
3.5496022E-01  1.3612E+04
3.5673502E-01  1.3536E+04
3.5851870E-01  1.3460E+04
3.6031129E-01  1.3384E+04
3.6211285E-01  1.3309E+04
3.6392341E-01  1.3234E+04
3.6574303E-01  1.3160E+04
3.6757174E-01  1.3086E+04
3.6940960E-01  1.3013E+04
3.7125665E-01  1.2940E+04
3.7311293E-01  1.2867E+04
3.7497850E-01  1.2795E+04
3.7685339E-01  1.2724E+04
3.7873766E-01  1.2653E+04
3.8063135E-01  1.2582E+04
3.8253450E-01  1.2512E+04
3.8444718E-01  1.2442E+04
3.8636941E-01  1.2372E+04
3.8830126E-01  1.2303E+04
3.9024276E-01  1.2235E+04
3.9219398E-01  1.2167E+04
3.9415495E-01  1.2099E+04
3.9612572E-01  1.2031E+04
3.9810635E-01  1.1965E+04
4.0009688E-01  1.1898E+04
4.0209737E-01  1.1832E+04
4.0397820E-01  1.1771E+04
4.0410785E-01  1.1766E+04
4.0502181E-01  1.2531E+04
4.0612839E-01  1.2494E+04
4.0815904E-01  1.2427E+04
4.1019983E-01  1.2361E+04
4.1225083E-01  1.2295E+04
4.1431208E-01  1.2229E+04
4.1638364E-01  1.2164E+04
4.1846556E-01  1.2100E+04
4.2055789E-01  1.2035E+04
4.2266068E-01  1.1971E+04
4.2477398E-01  1.1908E+04
4.2689785E-01  1.1845E+04
4.2903234E-01  1.1782E+04
4.3117750E-01  1.1719E+04
4.3333339E-01  1.1657E+04
4.3550006E-01  1.1595E+04
4.3767756E-01  1.1534E+04
4.3986595E-01  1.1473E+04
4.4206528E-01  1.1412E+04
4.4427560E-01  1.1352E+04
4.4649698E-01  1.1292E+04
4.4872947E-01  1.1232E+04
4.5097311E-01  1.1173E+04
4.5322798E-01  1.1114E+04
4.5549412E-01  1.1055E+04
4.5777159E-01  1.0997E+04
4.6006045E-01  1.0939E+04
4.6236075E-01  1.0881E+04
4.6412139E-01  1.0837E+04
4.6467255E-01  1.0823E+04
4.6547861E-01  1.0977E+04
4.6699592E-01  1.0940E+04
4.6933090E-01  1.0883E+04
4.7167755E-01  1.0805E+04
4.7403594E-01  1.0726E+04
4.7640612E-01  1.0648E+04
4.7878815E-01  1.0570E+04
4.8118209E-01  1.0493E+04
4.8358800E-01  1.0417E+04
4.8600594E-01  1.0340E+04
4.8843597E-01  1.0265E+04
4.9087815E-01  1.0190E+04
4.9333254E-01  1.0115E+04
4.9579920E-01  1.0041E+04
4.9827820E-01  9.9675E+03
5.0076959E-01  9.8944E+03
5.0327344E-01  9.8218E+03
5.0578980E-01  9.7497E+03
5.0831875E-01  9.6781E+03
5.1086035E-01  9.6070E+03
5.1341465E-01  9.5364E+03
5.1598172E-01  9.4662E+03
5.1856163E-01  9.3965E+03
5.2115444E-01  9.3272E+03
5.2376021E-01  9.2584E+03
5.2637901E-01  9.1901E+03
5.2901091E-01  9.1222E+03
5.3165596E-01  9.0548E+03
5.3431424E-01  8.9878E+03
5.3698581E-01  8.9212E+03
5.3967074E-01  8.8551E+03
5.4236910E-01  8.7894E+03
5.4508094E-01  8.7242E+03
5.4780635E-01  8.6593E+03
5.5054538E-01  8.5949E+03
5.5329810E-01  8.5309E+03
5.5606460E-01  8.4674E+03
5.5884492E-01  8.4042E+03
5.6163914E-01  8.3414E+03
5.6444734E-01  8.2791E+03
5.6457826E-01  8.2762E+03
5.6642179E-01  8.4536E+03
5.6726958E-01  8.4349E+03
5.7010592E-01  8.3726E+03
5.7295645E-01  8.3106E+03
5.7582123E-01  8.2491E+03
5.7870034E-01  8.1880E+03
5.8159384E-01  8.1272E+03
5.8450181E-01  8.0669E+03
5.8742432E-01  8.0069E+03
5.9036144E-01  7.9473E+03
5.9331325E-01  7.8880E+03
5.9627982E-01  7.8292E+03
5.9926122E-01  7.7707E+03
6.0225752E-01  7.7125E+03
6.0526881E-01  7.6548E+03
6.0829515E-01  7.5973E+03
6.1133663E-01  7.5403E+03
6.1439331E-01  7.4836E+03
6.1746528E-01  7.4272E+03
6.2055260E-01  7.3712E+03
6.2365537E-01  7.3156E+03
6.2677364E-01  7.2602E+03
6.2990751E-01  7.2053E+03
6.3305705E-01  7.1506E+03
6.3622234E-01  7.0963E+03
6.3940345E-01  7.0423E+03
6.4260046E-01  6.9886E+03
6.4581347E-01  6.9353E+03
6.4904253E-01  6.8822E+03
6.5228775E-01  6.8295E+03
6.5554919E-01  6.7771E+03
6.5882693E-01  6.7251E+03
6.6212107E-01  6.6733E+03
6.6543167E-01  6.6218E+03
6.6875883E-01  6.5707E+03
6.7210262E-01  6.5199E+03
6.7546314E-01  6.4693E+03
6.7884045E-01  6.4191E+03
6.8223466E-01  6.3692E+03
6.8564583E-01  6.3196E+03
6.8907406E-01  6.2702E+03
6.9251943E-01  6.2211E+03
6.9598202E-01  6.1724E+03
6.9946194E-01  6.1239E+03
7.0295924E-01  6.0757E+03
7.0647404E-01  6.0278E+03
7.1000641E-01  5.9802E+03
7.1355644E-01  5.9329E+03
7.1712423E-01  5.8859E+03
7.2070985E-01  5.8392E+03
7.2431340E-01  5.7928E+03
7.2793496E-01  5.7466E+03
7.3157464E-01  5.7007E+03
7.3523251E-01  5.6552E+03
7.3890867E-01  5.6098E+03
7.4260322E-01  5.5648E+03
7.4631623E-01  5.5201E+03
7.5004781E-01  5.4756E+03
7.5379805E-01  5.4314E+03
7.5756704E-01  5.3875E+03
7.6135488E-01  5.3439E+03
7.6516165E-01  5.3005E+03
7.6898746E-01  5.2575E+03
7.7283240E-01  5.2147E+03
7.7669656E-01  5.1721E+03
7.8058004E-01  5.1299E+03
7.8448294E-01  5.0879E+03
7.8840536E-01  5.0460E+03
7.9234738E-01  5.0044E+03
7.9630912E-01  4.9631E+03
8.0029067E-01  4.9221E+03
8.0429212E-01  4.8813E+03
8.0831358E-01  4.8407E+03
8.1235515E-01  4.8004E+03
8.1641693E-01  4.7604E+03
8.2049901E-01  4.7207E+03
8.2460150E-01  4.6812E+03
8.2872451E-01  4.6420E+03
8.3286813E-01  4.6030E+03
8.3703248E-01  4.5643E+03
8.4121764E-01  4.5258E+03
8.4542373E-01  4.4876E+03
8.4965084E-01  4.4497E+03
8.5389910E-01  4.4120E+03
8.5816859E-01  4.3746E+03
8.6245944E-01  4.3374E+03
8.6677173E-01  4.3005E+03
8.7110559E-01  4.2638E+03
8.7546112E-01  4.2274E+03
8.7983843E-01  4.1912E+03
8.8423762E-01  4.1553E+03
8.8865881E-01  4.1196E+03
8.9310210E-01  4.0842E+03
8.9756761E-01  4.0490E+03
9.0205545E-01  4.0141E+03
9.0656573E-01  3.9794E+03
9.1109856E-01  3.9449E+03
9.1565405E-01  3.9107E+03
9.2023232E-01  3.8768E+03
9.2483348E-01  3.8431E+03
9.2945765E-01  3.8096E+03
9.3410494E-01  3.7764E+03
9.3877546E-01  3.7434E+03
9.4346934E-01  3.7106E+03
9.4818668E-01  3.6781E+03
9.5292762E-01  3.6458E+03
9.5769226E-01  3.6137E+03
9.6248072E-01  3.5818E+03
9.6729312E-01  3.5502E+03
9.7212959E-01  3.5188E+03
9.7699023E-01  3.4877E+03
9.8187519E-01  3.4568E+03
9.8678456E-01  3.4262E+03
9.9171848E-01  3.3958E+03
9.9667708E-01  3.3657E+03
1.0016605E+00  3.3328E+03
1.0066688E+00  3.2943E+03
1.0117021E+00  3.2562E+03
1.0167606E+00  3.2187E+03
1.0218444E+00  3.1816E+03
1.0269536E+00  3.1451E+03
1.0320884E+00  3.1089E+03
1.0372489E+00  3.0733E+03
1.0424351E+00  3.0380E+03
1.0476473E+00  3.0033E+03
1.0528855E+00  2.9689E+03
1.0581499E+00  2.9350E+03
1.0634407E+00  2.9016E+03
1.0687579E+00  2.8685E+03
1.0741017E+00  2.8359E+03
1.0794722E+00  2.8036E+03
1.0848695E+00  2.7718E+03
1.0902939E+00  2.7404E+03
1.0957454E+00  2.7093E+03
1.1012241E+00  2.6787E+03
1.1067302E+00  2.6484E+03
1.1122639E+00  2.6185E+03
1.1178252E+00  2.5890E+03
1.1234143E+00  2.5599E+03
1.1290314E+00  2.5311E+03
1.1346765E+00  2.5027E+03
1.1403499E+00  2.4746E+03
1.1460517E+00  2.4469E+03
1.1517819E+00  2.4195E+03
1.1575408E+00  2.3924E+03
1.1633285E+00  2.3657E+03
1.1691452E+00  2.3393E+03
1.1749909E+00  2.3133E+03
1.1808659E+00  2.2875E+03
1.1867702E+00  2.2621E+03
1.1927040E+00  2.2370E+03
1.1986676E+00  2.2122E+03
1.2046609E+00  2.1877E+03
1.2106842E+00  2.1634E+03
1.2167376E+00  2.1395E+03
1.2228213E+00  2.1159E+03
1.2289354E+00  2.0926E+03
1.2350801E+00  2.0695E+03
1.2412555E+00  2.0468E+03
1.2474618E+00  2.0243E+03
1.2536991E+00  2.0021E+03
1.2599676E+00  1.9801E+03
1.2662674E+00  1.9584E+03
1.2725988E+00  1.9370E+03
1.2789618E+00  1.9158E+03
1.2853566E+00  1.8949E+03
1.2917833E+00  1.8743E+03
1.2982423E+00  1.8538E+03
1.3047335E+00  1.8337E+03
1.3112571E+00  1.8138E+03
1.3178134E+00  1.7941E+03
1.3244025E+00  1.7746E+03
1.3310245E+00  1.7554E+03
1.3376796E+00  1.7364E+03
1.3443680E+00  1.7176E+03
1.3510899E+00  1.6991E+03
1.3578453E+00  1.6808E+03
1.3646345E+00  1.6627E+03
1.3714577E+00  1.6448E+03
1.3783150E+00  1.6271E+03
1.3852066E+00  1.6096E+03
1.3921326E+00  1.5923E+03
1.3990933E+00  1.5753E+03
1.4060887E+00  1.5584E+03
1.4131192E+00  1.5417E+03
1.4201848E+00  1.5253E+03
1.4272857E+00  1.5090E+03
1.4344221E+00  1.4929E+03
1.4415942E+00  1.4770E+03
1.4488022E+00  1.4613E+03
1.4560462E+00  1.4458E+03
1.4633265E+00  1.4305E+03
1.4706431E+00  1.4153E+03
1.4779963E+00  1.4003E+03
1.4853863E+00  1.3855E+03
1.4928132E+00  1.3709E+03
1.5002773E+00  1.3564E+03
1.5077787E+00  1.3421E+03
1.5153176E+00  1.3280E+03
1.5228942E+00  1.3140E+03
1.5305086E+00  1.3002E+03
1.5381612E+00  1.2866E+03
1.5458520E+00  1.2731E+03
1.5535812E+00  1.2598E+03
1.5613491E+00  1.2466E+03
1.5691559E+00  1.2336E+03
1.5770017E+00  1.2207E+03
1.5848867E+00  1.2080E+03
1.5928111E+00  1.1954E+03
1.6007752E+00  1.1829E+03
1.6087790E+00  1.1707E+03
1.6168229E+00  1.1585E+03
1.6249070E+00  1.1463E+03
1.6330316E+00  1.1342E+03
1.6411967E+00  1.1223E+03
1.6494027E+00  1.1105E+03
1.6576497E+00  1.0988E+03
1.6659380E+00  1.0873E+03
1.6742677E+00  1.0759E+03
1.6826390E+00  1.0646E+03
1.6910522E+00  1.0534E+03
1.6995075E+00  1.0424E+03
1.7080050E+00  1.0315E+03
1.7165450E+00  1.0208E+03
1.7251278E+00  1.0101E+03
1.7337534E+00  9.9962E+02
1.7347877E+00  9.9837E+02
1.7354123E+00  3.4539E+03
1.7424222E+00  3.4200E+03
1.7511343E+00  3.3786E+03
1.7598899E+00  3.3378E+03
1.7686894E+00  3.2974E+03
1.7775328E+00  3.2575E+03
1.7864205E+00  3.2181E+03
1.7926172E+00  3.1911E+03
1.7937828E+00  4.7496E+03
1.7953526E+00  4.7393E+03
1.8043294E+00  4.6814E+03
1.8133510E+00  4.6242E+03
1.8224178E+00  4.5676E+03
1.8315299E+00  4.5118E+03
1.8406875E+00  4.4567E+03
1.8498909E+00  4.4023E+03
1.8591404E+00  4.3486E+03
1.8684361E+00  4.2953E+03
1.8777783E+00  4.2428E+03
1.8871672E+00  4.1909E+03
1.8966030E+00  4.1397E+03
1.9060860E+00  4.0891E+03
1.9156165E+00  4.0391E+03
1.9251945E+00  3.9897E+03
1.9348205E+00  3.9410E+03
1.9444946E+00  3.8929E+03
1.9542171E+00  3.8453E+03
1.9639882E+00  3.7984E+03
1.9738081E+00  3.7520E+03
1.9836772E+00  3.7062E+03
1.9935955E+00  3.6610E+03
2.0035635E+00  3.6164E+03
2.0135813E+00  3.5723E+03
2.0236492E+00  3.5287E+03
2.0337675E+00  3.4857E+03
2.0439363E+00  3.4432E+03
2.0541560E+00  3.4013E+03
2.0644268E+00  3.3599E+03
2.0747489E+00  3.3189E+03
2.0851227E+00  3.2785E+03
2.0955483E+00  3.2386E+03
2.1060260E+00  3.1992E+03
2.1165562E+00  3.1603E+03
2.1271389E+00  3.1218E+03
2.1377746E+00  3.0839E+03
2.1484635E+00  3.0464E+03
2.1592058E+00  3.0094E+03
2.1700018E+00  2.9728E+03
2.1808519E+00  2.9367E+03
2.1917561E+00  2.9010E+03
2.1963695E+00  3.3891E+03
2.2027149E+00  3.3643E+03
2.2137285E+00  3.3218E+03
2.2247971E+00  3.2798E+03
2.2359211E+00  3.2384E+03
2.2471007E+00  3.1976E+03
2.2583362E+00  3.1571E+03
2.2696279E+00  3.1166E+03
2.2809760E+00  3.0765E+03
2.2923809E+00  3.0370E+03
2.3038428E+00  2.9984E+03
2.3153620E+00  2.9619E+03
2.3269388E+00  2.9260E+03
2.3385735E+00  2.8904E+03
2.3502664E+00  2.8552E+03
2.3620177E+00  2.8205E+03
2.3738278E+00  2.7864E+03
2.3856970E+00  2.7527E+03
2.3976254E+00  2.7195E+03
2.4096136E+00  2.6868E+03
2.4216616E+00  2.6546E+03
2.4337699E+00  2.6228E+03
2.4459388E+00  2.5915E+03
2.4581685E+00  2.5606E+03
2.4657375E+00  2.5417E+03
2.4704593E+00  2.7090E+03
2.4716624E+00  2.7058E+03
2.4828116E+00  2.6757E+03
2.4952257E+00  2.6428E+03
2.5077018E+00  2.6103E+03
2.5202403E+00  2.5783E+03
2.5328415E+00  2.5468E+03
2.5455057E+00  2.5156E+03
2.5582333E+00  2.4849E+03
2.5710244E+00  2.4546E+03
2.5838796E+00  2.4246E+03
2.5967990E+00  2.3957E+03
2.6097829E+00  2.3678E+03
2.6228319E+00  2.3403E+03
2.6359460E+00  2.3132E+03
2.6491257E+00  2.2866E+03
2.6623714E+00  2.2603E+03
2.6756832E+00  2.2343E+03
2.6890617E+00  2.2088E+03
2.7025070E+00  2.1835E+03
2.7027735E+00  2.1831E+03
2.7132264E+00  2.2619E+03
2.7160195E+00  2.2567E+03
2.7295996E+00  2.2313E+03
2.7432476E+00  2.2063E+03
2.7569638E+00  2.1816E+03
2.7707486E+00  2.1572E+03
2.7846024E+00  2.1330E+03
2.7985254E+00  2.1092E+03
2.8125180E+00  2.0856E+03
2.8265806E+00  2.0623E+03
2.8407135E+00  2.0393E+03
2.8549171E+00  2.0166E+03
2.8691917E+00  1.9940E+03
2.8835376E+00  1.9717E+03
2.8979553E+00  1.9496E+03
2.9124451E+00  1.9278E+03
2.9270073E+00  1.9063E+03
2.9416424E+00  1.8850E+03
2.9563506E+00  1.8639E+03
2.9711323E+00  1.8431E+03
2.9859880E+00  1.8225E+03
3.0009179E+00  1.8020E+03
3.0159225E+00  1.7802E+03
3.0310021E+00  1.7586E+03
3.0461571E+00  1.7373E+03
3.0613879E+00  1.7162E+03
3.0766949E+00  1.6954E+03
3.0920783E+00  1.6749E+03
3.1075387E+00  1.6546E+03
3.1230764E+00  1.6345E+03
3.1386918E+00  1.6147E+03
3.1543853E+00  1.5951E+03
3.1701572E+00  1.5758E+03
3.1860080E+00  1.5567E+03
3.2019380E+00  1.5378E+03
3.2179477E+00  1.5191E+03
3.2340374E+00  1.5006E+03
3.2502076E+00  1.4823E+03
3.2664587E+00  1.4643E+03
3.2827910E+00  1.4464E+03
3.2992049E+00  1.4288E+03
3.3157009E+00  1.4115E+03
3.3322794E+00  1.3943E+03
3.3489408E+00  1.3774E+03
3.3656856E+00  1.3606E+03
3.3825140E+00  1.3441E+03
3.3994265E+00  1.3278E+03
3.4164237E+00  1.3117E+03
3.4335058E+00  1.2958E+03
3.4506733E+00  1.2801E+03
3.4679267E+00  1.2646E+03
3.4852663E+00  1.2488E+03
3.5026927E+00  1.2332E+03
3.5202061E+00  1.2178E+03
3.5378072E+00  1.2025E+03
3.5554962E+00  1.1875E+03
3.5732737E+00  1.1727E+03
3.5911400E+00  1.1579E+03
3.6090957E+00  1.1432E+03
3.6271412E+00  1.1286E+03
3.6452769E+00  1.1142E+03
3.6635033E+00  1.1001E+03
3.6818208E+00  1.0861E+03
3.7002299E+00  1.0723E+03
3.7187311E+00  1.0587E+03
3.7373247E+00  1.0453E+03
3.7560114E+00  1.0320E+03
3.7747914E+00  1.0190E+03
3.7936654E+00  1.0061E+03
3.8126337E+00  9.9338E+02
3.8316969E+00  9.8085E+02
3.8508554E+00  9.6848E+02
3.8701096E+00  9.5628E+02
3.8894602E+00  9.4425E+02
3.9089075E+00  9.3238E+02
3.9284520E+00  9.2066E+02
3.9480943E+00  9.0911E+02
3.9678347E+00  8.9771E+02
3.9876739E+00  8.8646E+02
4.055024E+00  8.4979E+02
4.334821E+00  7.1901E+02
4.633924E+00  6.0646E+02
4.953664E+00  5.1170E+02
5.295467E+00  4.3128E+02
5.660855E+00  3.6378E+02
6.051453E+00  3.0716E+02
6.469004E+00  2.5973E+02
6.915365E+00  2.1993E+02
7.392525E+00  1.8649E+02
7.902609E+00  1.5783E+02
8.447890E+00  1.3346E+02
9.030794E+00  1.1261E+02
9.653919E+00  9.3837E+01
9.683478E+00  9.3045E+01
9.831694E+00  8.9217E+01
9.871219E+00  8.8234E+01
9.930505E+00  2.4233E+02
1.007872E+01  2.3087E+02
1.032004E+01  2.1371E+02
1.091338E+01  1.8131E+02
1.103212E+01  1.7584E+02
1.108042E+01  1.7369E+02
1.112496E+01  1.7175E+02
1.119178E+01  2.3599E+02
1.135882E+01  2.2664E+02
1.144787E+01  2.2189E+02
1.162309E+01  2.1297E+02
1.166982E+01  2.1069E+02
1.173991E+01  2.4041E+02
1.179334E+01  2.3768E+02
1.191513E+01  2.3162E+02
1.260708E+01  2.0103E+02
1.347697E+01  1.6940E+02
1.440688E+01  1.4247E+02
1.540095E+01  1.1955E+02
1.646362E+01  1.0022E+02
1.759961E+01  8.4024E+01
1.881398E+01  7.0480E+01
2.011215E+01  5.9135E+01
2.149988E+01  4.9583E+01
2.298338E+01  4.1583E+01
2.456923E+01  3.4833E+01
2.626450E+01  2.9192E+01
2.807676E+01  2.4285E+01
3.001405E+01  2.0166E+01
3.208502E+01  1.6759E+01
3.429889E+01  1.3940E+01
3.666551E+01  1.1604E+01
3.919543E+01  9.6663E+00
4.189992E+01  8.0587E+00
4.479101E+01  6.7128E+00
4.788159E+01  5.5913E+00
5.118542E+01  4.6506E+00
5.471721E+01  3.8557E+00
5.849270E+01  3.1983E+00
6.252870E+01  2.6533E+00
6.606807E+01  2.2755E+00
6.684318E+01  2.2028E+00
6.707932E+01  2.1813E+00
6.734898E+01  2.1571E+00
6.775348E+01  1.1082E+01
6.876473E+01  1.0678E+01
7.145536E+01  9.6904E+00
7.638578E+01  8.1411E+00
8.165640E+01  6.8291E+00
8.729069E+01  5.7232E+00
9.331374E+01  4.7823E+00
9.975239E+01  3.9959E+00
1.066353E+02  3.3392E+00
1.139931E+02  2.7909E+00
1.218587E+02  2.3328E+00
1.302669E+02  1.9502E+00
1.392553E+02  1.6277E+00
1.488640E+02  1.3560E+00
1.591356E+02  1.1298E+00
1.701159E+02  9.4142E-01
1.818539E+02  7.8453E-01
1.944018E+02  6.5384E-01
2.078156E+02  5.4497E-01
2.221548E+02  4.5427E-01
2.374835E+02  3.7869E-01
2.538699E+02  3.1572E-01
2.713869E+02  2.6323E-01
2.901126E+02  2.1949E-01
3.101304E+02  1.8424E-01
3.315294E+02  1.5479E-01
3.544049E+02  1.3005E-01
3.788588E+02  1.0928E-01
4.050001E+02  9.1825E-02
4.329451E+02  7.7167E-02