Tb (Z = 65) Atomic weight: Ar = 158.9254 g mol-1   Nominal density:   ? (g cm-3) = 8.2140
sigma(barns/atom) = [mue/rho](cm2 g-1)  ×  2.63902E+02
E(eV) [mue/rho](cm2 g-1) = f2(e atom-1)  ×  2.64780E+05
19 edges. Edge energies (keV):
K      5.19957E+01  
L I    8.70800E+00  
L II   8.25160E+00  
L III  7.51400E+00 
M I    1.96750E+00  
M II   1.76770E+00  
M III  1.61130E+00  
M IV   1.27500E+00 
M V    1.24120E+00  
N I    3.97900E-01  
N II   3.10200E-01  
N III  2.85000E-01 
N IV   1.47000E-01  
N V    1.47000E-01  
N VI   9.40000E-03  
N VII  8.60000E-03 
O I    3.90000E-02  
O II   2.54000E-02  
O III  2.54000E-02 
Data
E/keV            [mue/rho]Photoelectric/cm2g-1
8.643000E-03  1.3535E+03
8.772000E-03  1.3053E+03
9.212000E-03  1.1577E+03
9.353000E-03  1.1154E+03
9.390600E-03  1.1045E+03
9.447000E-03  4.7604E+03
9.588000E-03  4.5903E+03
1.069000E-02  3.5911E+03
1.142761E-02  3.2446E+03
1.221612E-02  3.0589E+03
1.305903E-02  2.9899E+03
1.396010E-02  3.0132E+03
1.492335E-02  3.1152E+03
1.595306E-02  3.2894E+03
1.705382E-02  3.5336E+03
1.823053E-02  3.8482E+03
1.948844E-02  4.2356E+03
2.083314E-02  4.6991E+03
2.227063E-02  5.2421E+03
2.380730E-02  5.8681E+03
2.489200E-02  6.3334E+03
2.527300E-02  6.5008E+03
2.537460E-02  6.5458E+03
2.545001E-02  1.2384E+05
2.552700E-02  1.2278E+05
2.590800E-02  1.1775E+05
2.720606E-02  1.0281E+05
2.908327E-02  8.5574E+04
3.109002E-02  7.0367E+04
3.323523E-02  5.7703E+04
3.552846E-02  4.7723E+04
3.797993E-02  4.0199E+04
3.822000E-02  3.9601E+04
3.880500E-02  3.8233E+04
3.896100E-02  3.7888E+04
3.919500E-02  3.7608E+04
3.978000E-02  3.6435E+04
4.060054E-02  3.4958E+04
4.340198E-02  3.1126E+04
4.639671E-02  2.8525E+04
4.959809E-02  2.6789E+04
5.302035E-02  2.5638E+04
5.667876E-02  2.4895E+04
6.058959E-02  2.4407E+04
6.477028E-02  2.4067E+04
6.923942E-02  2.3796E+04
7.401695E-02  2.3544E+04
7.912411E-02  2.3275E+04
8.458368E-02  2.2968E+04
9.041995E-02  2.2615E+04
9.665893E-02  2.2210E+04
1.0000000E-01  2.1985E+04
1.0050000E-01  2.1951E+04
1.0100250E-01  2.1917E+04
1.0150751E-01  2.1882E+04
1.0201505E-01  2.1847E+04
1.0252513E-01  2.1812E+04
1.0303775E-01  2.1777E+04
1.0355294E-01  2.1741E+04
1.0407070E-01  2.1705E+04
1.0459106E-01  2.1669E+04
1.0511401E-01  2.1633E+04
1.0563958E-01  2.1597E+04
1.0616778E-01  2.1560E+04
1.0669862E-01  2.1523E+04
1.0723211E-01  2.1486E+04
1.0776827E-01  2.1448E+04
1.0830712E-01  2.1411E+04
1.0884865E-01  2.1373E+04
1.0939289E-01  2.1335E+04
1.0993986E-01  2.1296E+04
1.1048956E-01  2.1258E+04
1.1104201E-01  2.1219E+04
1.1159722E-01  2.1180E+04
1.1215520E-01  2.1141E+04
1.1271598E-01  2.1102E+04
1.1327956E-01  2.1062E+04
1.1384596E-01  2.1023E+04
1.1441519E-01  2.0983E+04
1.1498726E-01  2.0943E+04
1.1556220E-01  2.0903E+04
1.1614001E-01  2.0862E+04
1.1672071E-01  2.0822E+04
1.1730431E-01  2.0781E+04
1.1789083E-01  2.0740E+04
1.1848029E-01  2.0699E+04
1.1907269E-01  2.0658E+04
1.1966805E-01  2.0616E+04
1.2026639E-01  2.0575E+04
1.2086772E-01  2.0533E+04
1.2147206E-01  2.0491E+04
1.2207942E-01  2.0449E+04
1.2268982E-01  2.0407E+04
1.2330327E-01  2.0365E+04
1.2391979E-01  2.0323E+04
1.2453939E-01  2.0280E+04
1.2516208E-01  2.0238E+04
1.2578789E-01  2.0195E+04
1.2641683E-01  2.0152E+04
1.2704892E-01  2.0109E+04
1.2768416E-01  2.0066E+04
1.2832258E-01  2.0023E+04
1.2896419E-01  1.9979E+04
1.2960902E-01  1.9936E+04
1.3025706E-01  1.9892E+04
1.3090835E-01  1.9849E+04
1.3156289E-01  1.9805E+04
1.3222070E-01  1.9761E+04
1.3288181E-01  1.9717E+04
1.3354621E-01  1.9673E+04
1.3421395E-01  1.9629E+04
1.3488502E-01  1.9585E+04
1.3555944E-01  1.9541E+04
1.3623724E-01  1.9497E+04
1.3691842E-01  1.9453E+04
1.3760302E-01  1.9408E+04
1.3829103E-01  1.9364E+04
1.3898249E-01  1.9319E+04
1.3967740E-01  1.9275E+04
1.4037579E-01  1.9230E+04
1.4107766E-01  1.9185E+04
1.4178305E-01  1.9141E+04
1.4249197E-01  1.9096E+04
1.4320443E-01  1.9051E+04
1.4392045E-01  1.9006E+04
1.4464005E-01  1.8962E+04
1.4536325E-01  1.8917E+04
1.4609007E-01  1.8872E+04
1.4682052E-01  1.8827E+04
1.4695355E-01  1.8819E+04
1.4704645E-01  4.8209E+04
1.4755462E-01  4.6899E+04
1.4829239E-01  4.5104E+04
1.4903386E-01  4.3418E+04
1.4977903E-01  4.1833E+04
1.5052792E-01  4.0345E+04
1.5128056E-01  3.8946E+04
1.5203696E-01  3.7632E+04
1.5279715E-01  3.6397E+04
1.5356113E-01  3.5236E+04
1.5432894E-01  3.4144E+04
1.5510058E-01  3.3118E+04
1.5587609E-01  3.2152E+04
1.5665547E-01  3.1244E+04
1.5743875E-01  3.0390E+04
1.5822594E-01  2.9586E+04
1.5901707E-01  2.8829E+04
1.5981215E-01  2.8117E+04
1.6061121E-01  2.7446E+04
1.6141427E-01  2.6815E+04
1.6222134E-01  2.6203E+04
1.6303245E-01  2.5634E+04
1.6384761E-01  2.5107E+04
1.6466685E-01  2.4618E+04
1.6549018E-01  2.4164E+04
1.6631763E-01  2.3741E+04
1.6714922E-01  2.3347E+04
1.6798497E-01  2.2978E+04
1.6882489E-01  2.2632E+04
1.6966902E-01  2.2308E+04
1.7051736E-01  2.2003E+04
1.7136995E-01  2.1717E+04
1.7222680E-01  2.1446E+04
1.7308793E-01  2.1190E+04
1.7395337E-01  2.0948E+04
1.7482314E-01  2.0719E+04
1.7569726E-01  2.0501E+04
1.7657574E-01  2.0290E+04
1.7745862E-01  2.0036E+04
1.7834591E-01  1.9791E+04
1.7923764E-01  1.9555E+04
1.8013383E-01  1.9326E+04
1.8103450E-01  1.9105E+04
1.8193967E-01  1.8891E+04
1.8284937E-01  1.8683E+04
1.8376362E-01  1.8481E+04
1.8468244E-01  1.8285E+04
1.8560585E-01  1.8094E+04
1.8653388E-01  1.7908E+04
1.8746655E-01  1.7727E+04
1.8840388E-01  1.7550E+04
1.8934590E-01  1.7377E+04
1.9029263E-01  1.7208E+04
1.9124409E-01  1.7042E+04
1.9220031E-01  1.6880E+04
1.9316131E-01  1.6721E+04
1.9412712E-01  1.6566E+04
1.9509776E-01  1.6413E+04
1.9607325E-01  1.6263E+04
1.9705361E-01  1.6115E+04
1.9803888E-01  1.5971E+04
1.9902907E-01  1.5828E+04
2.0002422E-01  1.5688E+04
2.0102434E-01  1.5550E+04
2.0202946E-01  1.5414E+04
2.0303961E-01  1.5281E+04
2.0405481E-01  1.5149E+04
2.0507508E-01  1.5019E+04
2.0610046E-01  1.4891E+04
2.0713096E-01  1.4765E+04
2.0816661E-01  1.4640E+04
2.0920745E-01  1.4517E+04
2.1025348E-01  1.4396E+04
2.1130475E-01  1.4276E+04
2.1236128E-01  1.4157E+04
2.1342308E-01  1.4040E+04
2.1449020E-01  1.3925E+04
2.1556265E-01  1.3811E+04
2.1664046E-01  1.3698E+04
2.1772366E-01  1.3587E+04
2.1881228E-01  1.3477E+04
2.1990634E-01  1.3368E+04
2.2100588E-01  1.3260E+04
2.2211090E-01  1.3154E+04
2.2322146E-01  1.3048E+04
2.2433757E-01  1.2944E+04
2.2545925E-01  1.2841E+04
2.2658655E-01  1.2740E+04
2.2771948E-01  1.2639E+04
2.2885808E-01  1.2539E+04
2.3000237E-01  1.2441E+04
2.3115238E-01  1.2343E+04
2.3230814E-01  1.2247E+04
2.3346969E-01  1.2151E+04
2.3463703E-01  1.2057E+04
2.3581022E-01  1.1963E+04
2.3698927E-01  1.1871E+04
2.3817422E-01  1.1780E+04
2.3936509E-01  1.1689E+04
2.4056191E-01  1.1599E+04
2.4176472E-01  1.1511E+04
2.4297355E-01  1.1423E+04
2.4418841E-01  1.1336E+04
2.4540936E-01  1.1251E+04
2.4663640E-01  1.1166E+04
2.4786959E-01  1.1082E+04
2.4910893E-01  1.0998E+04
2.5035448E-01  1.0916E+04
2.5160625E-01  1.0835E+04
2.5286428E-01  1.0754E+04
2.5412860E-01  1.0675E+04
2.5539925E-01  1.0596E+04
2.5667624E-01  1.0518E+04
2.5795962E-01  1.0441E+04
2.5924942E-01  1.0364E+04
2.6054567E-01  1.0289E+04
2.6184840E-01  1.0214E+04
2.6315764E-01  1.0140E+04
2.6447343E-01  1.0067E+04
2.6579579E-01  9.9950E+03
2.6712477E-01  9.9236E+03
2.6846040E-01  9.8529E+03
2.6980270E-01  9.7830E+03
2.7115171E-01  9.7139E+03
2.7250747E-01  9.6455E+03
2.7387001E-01  9.5780E+03
2.7523936E-01  9.5111E+03
2.7661556E-01  9.4450E+03
2.7799863E-01  9.3797E+03
2.7938863E-01  9.3151E+03
2.8078557E-01  9.2512E+03
2.8218950E-01  9.1881E+03
2.8360044E-01  9.1256E+03
2.8474920E-01  9.0756E+03
2.8501845E-01  1.0107E+04
2.8525080E-01  1.0097E+04
2.8644354E-01  1.0045E+04
2.8787576E-01  9.9836E+03
2.8931514E-01  9.9227E+03
2.9076171E-01  9.8625E+03
2.9221552E-01  9.8029E+03
2.9367660E-01  9.7441E+03
2.9514498E-01  9.6859E+03
2.9662071E-01  9.6283E+03
2.9810381E-01  9.5714E+03
2.9959433E-01  9.5152E+03
3.0109230E-01  9.4596E+03
3.0259776E-01  9.4046E+03
3.0411075E-01  9.3503E+03
3.0563130E-01  9.2965E+03
3.0715946E-01  9.2434E+03
3.0869526E-01  9.1909E+03
3.0988670E-01  9.1507E+03
3.1023873E-01  9.4234E+03
3.1051331E-01  9.4142E+03
3.1178993E-01  9.3720E+03
3.1334888E-01  9.3213E+03
3.1491562E-01  9.2711E+03
3.1649020E-01  9.2214E+03
3.1807265E-01  9.1722E+03
3.1966301E-01  9.1236E+03
3.2126133E-01  9.0755E+03
3.2286764E-01  9.0279E+03
3.2448197E-01  8.9808E+03
3.2610438E-01  8.9342E+03
3.2773491E-01  8.8880E+03
3.2937358E-01  8.8424E+03
3.3102045E-01  8.7971E+03
3.3267555E-01  8.7524E+03
3.3433893E-01  8.7081E+03
3.3601062E-01  8.6642E+03
3.3769068E-01  8.6208E+03
3.3937913E-01  8.5778E+03
3.4107602E-01  8.5352E+03
3.4278140E-01  8.4930E+03
3.4449531E-01  8.4512E+03
3.4621779E-01  8.4098E+03
3.4794888E-01  8.3688E+03
3.4968862E-01  8.3282E+03
3.5143706E-01  8.2879E+03
3.5319425E-01  8.2480E+03
3.5496022E-01  8.2084E+03
3.5673502E-01  8.1692E+03
3.5851870E-01  8.1303E+03
3.6031129E-01  8.0917E+03
3.6211285E-01  8.0534E+03
3.6392341E-01  8.0155E+03
3.6574303E-01  7.9778E+03
3.6757174E-01  7.9404E+03
3.6940960E-01  7.9033E+03
3.7125665E-01  7.8665E+03
3.7311293E-01  7.8300E+03
3.7497850E-01  7.7937E+03
3.7685339E-01  7.7577E+03
3.7873766E-01  7.7219E+03
3.8063135E-01  7.6863E+03
3.8253450E-01  7.6510E+03
3.8444718E-01  7.6159E+03
3.8636941E-01  7.5810E+03
3.8830126E-01  7.5463E+03
3.9024276E-01  7.5118E+03
3.9219398E-01  7.4775E+03
3.9415495E-01  7.4434E+03
3.9612572E-01  7.4095E+03
3.9739863E-01  7.3878E+03
3.9810635E-01  7.7242E+03
3.9840134E-01  7.7191E+03
4.0009688E-01  7.6896E+03
4.0209737E-01  7.6552E+03
4.0410785E-01  7.6210E+03
4.0612839E-01  7.5868E+03
4.0815904E-01  7.5529E+03
4.1019983E-01  7.5190E+03
4.1225083E-01  7.4853E+03
4.1431208E-01  7.4518E+03
4.1638364E-01  7.4183E+03
4.1846556E-01  7.3849E+03
4.2055789E-01  7.3517E+03
4.2266068E-01  7.3186E+03
4.2477398E-01  7.2855E+03
4.2689785E-01  7.2526E+03
4.2903234E-01  7.2197E+03
4.3117750E-01  7.1869E+03
4.3333339E-01  7.1542E+03
4.3550006E-01  7.1216E+03
4.3767756E-01  7.0891E+03
4.3986595E-01  7.0566E+03
4.4206528E-01  7.0241E+03
4.4427560E-01  6.9917E+03
4.4649698E-01  6.9593E+03
4.4872947E-01  6.9270E+03
4.5097311E-01  6.8947E+03
4.5322798E-01  6.8624E+03
4.5549412E-01  6.8302E+03
4.5777159E-01  6.7979E+03
4.6006045E-01  6.7657E+03
4.6236075E-01  6.7336E+03
4.6467255E-01  6.7014E+03
4.6699592E-01  6.6692E+03
4.6933090E-01  6.6371E+03
4.7167755E-01  6.6050E+03
4.7403594E-01  6.5728E+03
4.7640612E-01  6.5407E+03
4.7878815E-01  6.5086E+03
4.8118209E-01  6.4764E+03
4.8358800E-01  6.4442E+03
4.8600594E-01  6.4120E+03
4.8843597E-01  6.3799E+03
4.9087815E-01  6.3477E+03
4.9333254E-01  6.3155E+03
4.9579920E-01  6.2833E+03
4.9827820E-01  6.2511E+03
5.0076959E-01  6.2189E+03
5.0327344E-01  6.1867E+03
5.0578980E-01  6.1545E+03
5.0831875E-01  6.1223E+03
5.1086035E-01  6.0901E+03
5.1341465E-01  6.0578E+03
5.1598172E-01  6.0256E+03
5.1856163E-01  5.9934E+03
5.2115444E-01  5.9611E+03
5.2376021E-01  5.9289E+03
5.2637901E-01  5.8966E+03
5.2901091E-01  5.8643E+03
5.3165596E-01  5.8321E+03
5.3431424E-01  5.7998E+03
5.3698581E-01  5.7675E+03
5.3967074E-01  5.7353E+03
5.4236910E-01  5.7030E+03
5.4508094E-01  5.6707E+03
5.4780635E-01  5.6385E+03
5.5054538E-01  5.6062E+03
5.5329810E-01  5.5740E+03
5.5606460E-01  5.5417E+03
5.5884492E-01  5.5095E+03
5.6163914E-01  5.4772E+03
5.6444734E-01  5.4450E+03
5.6726958E-01  5.4128E+03
5.7010592E-01  5.3806E+03
5.7295645E-01  5.3484E+03
5.7582123E-01  5.3163E+03
5.7870034E-01  5.2841E+03
5.8159384E-01  5.2520E+03
5.8450181E-01  5.2199E+03
5.8742432E-01  5.1878E+03
5.9036144E-01  5.1557E+03
5.9331325E-01  5.1237E+03
5.9627982E-01  5.0916E+03
5.9926122E-01  5.0595E+03
6.0225752E-01  5.0274E+03
6.0526881E-01  4.9953E+03
6.0829515E-01  4.9632E+03
6.1133663E-01  4.9311E+03
6.1439331E-01  4.8991E+03
6.1746528E-01  4.8670E+03
6.2055260E-01  4.8350E+03
6.2365537E-01  4.8030E+03
6.2677364E-01  4.7711E+03
6.2990751E-01  4.7391E+03
6.3305705E-01  4.7072E+03
6.3622234E-01  4.6754E+03
6.3940345E-01  4.6436E+03
6.4260046E-01  4.6118E+03
6.4581347E-01  4.5801E+03
6.4904253E-01  4.5485E+03
6.5228775E-01  4.5169E+03
6.5554919E-01  4.4854E+03
6.5882693E-01  4.4540E+03
6.6212107E-01  4.4226E+03
6.6543167E-01  4.3913E+03
6.6875883E-01  4.3601E+03
6.7210262E-01  4.3289E+03
6.7546314E-01  4.2979E+03
6.7884045E-01  4.2669E+03
6.8223466E-01  4.2360E+03
6.8564583E-01  4.2052E+03
6.8907406E-01  4.1745E+03
6.9251943E-01  4.1439E+03
6.9598202E-01  4.1135E+03
6.9946194E-01  4.0831E+03
7.0295924E-01  4.0528E+03
7.0647404E-01  4.0226E+03
7.1000641E-01  3.9926E+03
7.1355644E-01  3.9627E+03
7.1712423E-01  3.9329E+03
7.2070985E-01  3.9032E+03
7.2431340E-01  3.8736E+03
7.2793496E-01  3.8441E+03
7.3157464E-01  3.8148E+03
7.3523251E-01  3.7856E+03
7.3890867E-01  3.7565E+03
7.4260322E-01  3.7276E+03
7.4631623E-01  3.6988E+03
7.5004781E-01  3.6701E+03
7.5379805E-01  3.6416E+03
7.5756704E-01  3.6132E+03
7.6135488E-01  3.5850E+03
7.6516165E-01  3.5569E+03
7.6898746E-01  3.5289E+03
7.7283240E-01  3.5011E+03
7.7669656E-01  3.4734E+03
7.8058004E-01  3.4459E+03
7.8448294E-01  3.4185E+03
7.8840536E-01  3.3913E+03
7.9234738E-01  3.3643E+03
7.9630912E-01  3.3374E+03
8.0029067E-01  3.3106E+03
8.0429212E-01  3.2840E+03
8.0831358E-01  3.2576E+03
8.1235515E-01  3.2313E+03
8.1641693E-01  3.2052E+03
8.2049901E-01  3.1792E+03
8.2460150E-01  3.1534E+03
8.2872451E-01  3.1278E+03
8.3286813E-01  3.1023E+03
8.3703248E-01  3.0770E+03
8.4121764E-01  3.0518E+03
8.4542373E-01  3.0269E+03
8.4965084E-01  3.0020E+03
8.5389910E-01  2.9774E+03
8.5816859E-01  2.9529E+03
8.6245944E-01  2.9285E+03
8.6677173E-01  2.9043E+03
8.7110559E-01  2.8803E+03
8.7546112E-01  2.8565E+03
8.7983843E-01  2.8328E+03
8.8423762E-01  2.8093E+03
8.8865881E-01  2.7860E+03
8.9310210E-01  2.7628E+03
8.9756761E-01  2.7397E+03
9.0205545E-01  2.7169E+03
9.0656573E-01  2.6942E+03
9.1109856E-01  2.6717E+03
9.1565405E-01  2.6493E+03
9.2023232E-01  2.6271E+03
9.2483348E-01  2.6051E+03
9.2945765E-01  2.5832E+03
9.3410494E-01  2.5615E+03
9.3877546E-01  2.5399E+03
9.4346934E-01  2.5186E+03
9.4818668E-01  2.4973E+03
9.5292762E-01  2.4763E+03
9.5769226E-01  2.4554E+03
9.6248072E-01  2.4346E+03
9.6729312E-01  2.4140E+03
9.7212959E-01  2.3936E+03
9.7699023E-01  2.3734E+03
9.8187519E-01  2.3532E+03
9.8678456E-01  2.3333E+03
9.9171848E-01  2.3135E+03
9.9667708E-01  2.2939E+03
1.0016605E+00  2.2728E+03
1.0066688E+00  2.2486E+03
1.0117021E+00  2.2248E+03
1.0167606E+00  2.2012E+03
1.0218444E+00  2.1778E+03
1.0269536E+00  2.1547E+03
1.0320884E+00  2.1319E+03
1.0372489E+00  2.1093E+03
1.0424351E+00  2.0870E+03
1.0476473E+00  2.0650E+03
1.0528855E+00  2.0432E+03
1.0581499E+00  2.0216E+03
1.0634407E+00  2.0003E+03
1.0687579E+00  1.9792E+03
1.0741017E+00  1.9583E+03
1.0794722E+00  1.9377E+03
1.0848695E+00  1.9173E+03
1.0902939E+00  1.8971E+03
1.0957454E+00  1.8772E+03
1.1012241E+00  1.8575E+03
1.1067302E+00  1.8380E+03
1.1122639E+00  1.8187E+03
1.1178252E+00  1.7996E+03
1.1234143E+00  1.7808E+03
1.1290314E+00  1.7622E+03
1.1346765E+00  1.7437E+03
1.1403499E+00  1.7255E+03
1.1460517E+00  1.7070E+03
1.1517819E+00  1.6888E+03
1.1575408E+00  1.6707E+03
1.1633285E+00  1.6529E+03
1.1691452E+00  1.6353E+03
1.1749909E+00  1.6178E+03
1.1808659E+00  1.6006E+03
1.1867702E+00  1.5836E+03
1.1927040E+00  1.5667E+03
1.1986676E+00  1.5501E+03
1.2046609E+00  1.5336E+03
1.2106842E+00  1.5173E+03
1.2167376E+00  1.5012E+03
1.2228213E+00  1.4853E+03
1.2289354E+00  1.4696E+03
1.2350801E+00  1.4540E+03
1.2410448E+00  1.4392E+03
1.2412555E+00  5.6419E+03
1.2413551E+00  5.6407E+03
1.2474618E+00  5.5705E+03
1.2536991E+00  5.5000E+03
1.2599676E+00  5.4304E+03
1.2662674E+00  5.3617E+03
1.2725988E+00  5.2938E+03
1.2747297E+00  5.2713E+03
1.2752703E+00  7.9474E+03
1.2789618E+00  7.8884E+03
1.2853566E+00  7.7876E+03
1.2917833E+00  7.6881E+03
1.2982423E+00  7.5900E+03
1.3047335E+00  7.4930E+03
1.3112571E+00  7.3974E+03
1.3178134E+00  7.3030E+03
1.3244025E+00  7.2098E+03
1.3310245E+00  7.1178E+03
1.3376796E+00  7.0270E+03
1.3443680E+00  6.9374E+03
1.3510899E+00  6.8489E+03
1.3578453E+00  6.7616E+03
1.3646345E+00  6.6754E+03
1.3714577E+00  6.5903E+03
1.3783150E+00  6.5063E+03
1.3852066E+00  6.4234E+03
1.3921326E+00  6.3416E+03
1.3990933E+00  6.2608E+03
1.4060887E+00  6.1811E+03
1.4131192E+00  6.1024E+03
1.4201848E+00  6.0247E+03
1.4272857E+00  5.9480E+03
1.4344221E+00  5.8723E+03
1.4415942E+00  5.7976E+03
1.4488022E+00  5.7238E+03
1.4560462E+00  5.6510E+03
1.4633265E+00  5.5792E+03
1.4706431E+00  5.5082E+03
1.4779963E+00  5.4382E+03
1.4853863E+00  5.3691E+03
1.4928132E+00  5.3009E+03
1.5002773E+00  5.2335E+03
1.5077787E+00  5.1670E+03
1.5153176E+00  5.1014E+03
1.5228942E+00  5.0366E+03
1.5305086E+00  4.9727E+03
1.5381612E+00  4.9096E+03
1.5458520E+00  4.8473E+03
1.5535812E+00  4.7858E+03
1.5613491E+00  4.7250E+03
1.5691559E+00  4.6651E+03
1.5770017E+00  4.6059E+03
1.5848867E+00  4.5475E+03
1.5928111E+00  4.4899E+03
1.6007752E+00  4.4329E+03
1.6087790E+00  4.3767E+03
1.6098611E+00  4.3692E+03
1.6127389E+00  5.0975E+03
1.6168229E+00  5.0635E+03
1.6249070E+00  4.9972E+03
1.6330316E+00  4.9317E+03
1.6411967E+00  4.8671E+03
1.6494027E+00  4.8034E+03
1.6576497E+00  4.7406E+03
1.6659380E+00  4.6785E+03
1.6742677E+00  4.6172E+03
1.6826390E+00  4.5567E+03
1.6910522E+00  4.4972E+03
1.6995075E+00  4.4414E+03
1.7080050E+00  4.3864E+03
1.7165450E+00  4.3323E+03
1.7251278E+00  4.2791E+03
1.7337534E+00  4.2267E+03
1.7424222E+00  4.1751E+03
1.7511343E+00  4.1243E+03
1.7598899E+00  4.0743E+03
1.7660507E+00  4.0396E+03
1.7686894E+00  4.3103E+03
1.7693492E+00  4.3062E+03
1.7775328E+00  4.2566E+03
1.7864205E+00  4.2037E+03
1.7953526E+00  4.1516E+03
1.8043294E+00  4.1003E+03
1.8133510E+00  4.0497E+03
1.8224178E+00  3.9998E+03
1.8315299E+00  3.9507E+03
1.8406875E+00  3.9023E+03
1.8498909E+00  3.8546E+03
1.8591404E+00  3.8083E+03
1.8684361E+00  3.7636E+03
1.8777783E+00  3.7196E+03
1.8871672E+00  3.6763E+03
1.8966030E+00  3.6337E+03
1.9060860E+00  3.5916E+03
1.9156165E+00  3.5503E+03
1.9251945E+00  3.5095E+03
1.9348205E+00  3.4693E+03
1.9444946E+00  3.4298E+03
1.9542171E+00  3.3907E+03
1.9639882E+00  3.3523E+03
1.9642536E+00  3.3512E+03
1.9707463E+00  3.4850E+03
1.9738081E+00  3.4728E+03
1.9836772E+00  3.4339E+03
1.9935955E+00  3.3956E+03
2.0035635E+00  3.3578E+03
2.0135813E+00  3.3204E+03
2.0236492E+00  3.2836E+03
2.0337675E+00  3.2473E+03
2.0439363E+00  3.2114E+03
2.0541560E+00  3.1759E+03
2.0644268E+00  3.1409E+03
2.0747489E+00  3.1066E+03
2.0851227E+00  3.0726E+03
2.0955483E+00  3.0391E+03
2.1060260E+00  3.0051E+03
2.1165562E+00  2.9715E+03
2.1271389E+00  2.9384E+03
2.1377746E+00  2.9056E+03
2.1484635E+00  2.8732E+03
2.1592058E+00  2.8412E+03
2.1700018E+00  2.8096E+03
2.1808519E+00  2.7784E+03
2.1917561E+00  2.7475E+03
2.2027149E+00  2.7170E+03
2.2137285E+00  2.6868E+03
2.2247971E+00  2.6570E+03
2.2359211E+00  2.6275E+03
2.2471007E+00  2.5983E+03
2.2583362E+00  2.5695E+03
2.2696279E+00  2.5410E+03
2.2809760E+00  2.5128E+03
2.2923809E+00  2.4849E+03
2.3038428E+00  2.4571E+03
2.3153620E+00  2.4295E+03
2.3269388E+00  2.4021E+03
2.3385735E+00  2.3750E+03
2.3502664E+00  2.3483E+03
2.3620177E+00  2.3218E+03
2.3738278E+00  2.2956E+03
2.3856970E+00  2.2697E+03
2.3976254E+00  2.2441E+03
2.4096136E+00  2.2188E+03
2.4216616E+00  2.1938E+03
2.4337699E+00  2.1690E+03
2.4459388E+00  2.1446E+03
2.4581685E+00  2.1204E+03
2.4704593E+00  2.0964E+03
2.4828116E+00  2.0727E+03
2.4952257E+00  2.0488E+03
2.5077018E+00  2.0252E+03
2.5202403E+00  2.0019E+03
2.5328415E+00  1.9788E+03
2.5455057E+00  1.9560E+03
2.5582333E+00  1.9332E+03
2.5710244E+00  1.9106E+03
2.5838796E+00  1.8882E+03
2.5967990E+00  1.8660E+03
2.6097829E+00  1.8442E+03
2.6228319E+00  1.8226E+03
2.6359460E+00  1.8012E+03
2.6491257E+00  1.7801E+03
2.6623714E+00  1.7593E+03
2.6756832E+00  1.7386E+03
2.6890617E+00  1.7183E+03
2.7025070E+00  1.6982E+03
2.7160195E+00  1.6783E+03
2.7295996E+00  1.6587E+03
2.7432476E+00  1.6393E+03
2.7569638E+00  1.6201E+03
2.7707486E+00  1.6010E+03
2.7846024E+00  1.5820E+03
2.7985254E+00  1.5633E+03
2.8125180E+00  1.5448E+03
2.8265806E+00  1.5265E+03
2.8407135E+00  1.5085E+03
2.8549171E+00  1.4907E+03
2.8691917E+00  1.4731E+03
2.8835376E+00  1.4557E+03
2.8979553E+00  1.4385E+03
2.9124451E+00  1.4216E+03
2.9270073E+00  1.4049E+03
2.9416424E+00  1.3884E+03
2.9563506E+00  1.3720E+03
2.9711323E+00  1.3559E+03
2.9859880E+00  1.3400E+03
3.0009179E+00  1.3243E+03
3.0159225E+00  1.3074E+03
3.0310021E+00  1.2907E+03
3.0461571E+00  1.2743E+03
3.0613879E+00  1.2581E+03
3.0766949E+00  1.2421E+03
3.0920783E+00  1.2263E+03
3.1075387E+00  1.2107E+03
3.1230764E+00  1.1954E+03
3.1386918E+00  1.1802E+03
3.1543853E+00  1.1653E+03
3.1701572E+00  1.1506E+03
3.1860080E+00  1.1360E+03
3.2019380E+00  1.1217E+03
3.2179477E+00  1.1075E+03
3.2340374E+00  1.0934E+03
3.2502076E+00  1.0793E+03
3.2664587E+00  1.0654E+03
3.2827910E+00  1.0518E+03
3.2992049E+00  1.0383E+03
3.3157009E+00  1.0249E+03
3.3322794E+00  1.0118E+03
3.3489408E+00  9.9886E+02
3.3656856E+00  9.8608E+02
3.3825140E+00  9.7348E+02
3.3994265E+00  9.6104E+02
3.4164237E+00  9.4877E+02
3.4335058E+00  9.3667E+02
3.4506733E+00  9.2473E+02
3.4679267E+00  9.1295E+02
3.4852663E+00  9.0133E+02
3.5026927E+00  8.8987E+02
3.5202061E+00  8.7856E+02
3.5378072E+00  8.6738E+02
3.5554962E+00  8.5622E+02
3.5732737E+00  8.4521E+02
3.5911400E+00  8.3435E+02
3.6090957E+00  8.2363E+02
3.6271412E+00  8.1306E+02
3.6452769E+00  8.0263E+02
3.6635033E+00  7.9234E+02
3.6818208E+00  7.8219E+02
3.7002299E+00  7.7218E+02
3.7187311E+00  7.6230E+02
3.7373247E+00  7.5255E+02
3.7560114E+00  7.4294E+02
3.7747914E+00  7.3345E+02
3.7936654E+00  7.2409E+02
3.8126337E+00  7.1485E+02
3.8316969E+00  7.0574E+02
3.8508554E+00  6.9676E+02
3.8701096E+00  6.8789E+02
3.8894602E+00  6.7914E+02
3.9089075E+00  6.7051E+02
3.9284520E+00  6.6199E+02
3.9480943E+00  6.5355E+02
3.9678347E+00  6.4520E+02
3.9876739E+00  6.3696E+02
4.055024E+00  6.1009E+02
4.334821E+00  5.1429E+02
4.633924E+00  4.3411E+02
4.953664E+00  3.6694E+02
5.295467E+00  3.1057E+02
5.660855E+00  2.6202E+02
6.051453E+00  2.2080E+02
6.469004E+00  1.8637E+02
6.915365E+00  1.5760E+02
7.363720E+00  1.3425E+02
7.392525E+00  1.3292E+02
7.476430E+00  1.2915E+02
7.506486E+00  1.2784E+02
7.551570E+00  3.6689E+02
7.664280E+00  3.5007E+02
7.902609E+00  3.1787E+02
8.086568E+00  2.9817E+02
8.210342E+00  2.8618E+02
8.243349E+00  2.8312E+02
8.292858E+00  3.8847E+02
8.416632E+00  3.7251E+02
8.447890E+00  3.6863E+02
8.533840E+00  3.5827E+02
8.664460E+00  3.4333E+02
8.699292E+00  3.3976E+02
8.751540E+00  3.8694E+02
8.882160E+00  3.7296E+02
9.030794E+00  3.5775E+02
9.653919E+00  3.0187E+02
1.032004E+01  2.5303E+02
1.103212E+01  2.1122E+02
1.179334E+01  1.7652E+02
1.260708E+01  1.4776E+02
1.347697E+01  1.2379E+02
1.440688E+01  1.0381E+02
1.540095E+01  8.6989E+01
1.646362E+01  7.2778E+01
1.759961E+01  6.0787E+01
1.881398E+01  5.0689E+01
2.011215E+01  4.2305E+01
2.149988E+01  3.5340E+01
2.298338E+01  2.9547E+01
2.456923E+01  2.4726E+01
2.626450E+01  2.0710E+01
2.807676E+01  1.7224E+01
3.001405E+01  1.4300E+01
3.208502E+01  1.1883E+01
3.429889E+01  9.8632E+00
3.666551E+01  8.1814E+00
3.919543E+01  6.7694E+00
4.189992E+01  5.5943E+00
4.479101E+01  4.6233E+00
4.788159E+01  3.8238E+00
5.095579E+01  3.2055E+00
5.118542E+01  3.1650E+00
5.173572E+01  3.0707E+00
5.194371E+01  3.0361E+00
5.225568E+01  1.6845E+01
5.303561E+01  1.6223E+01
5.471721E+01  1.4984E+01
5.849270E+01  1.2584E+01
6.252870E+01  1.0551E+01
6.684318E+01  8.8423E+00
7.145536E+01  7.4025E+00
7.638578E+01  6.1960E+00
8.165640E+01  5.1790E+00
8.729069E+01  4.3157E+00
9.331374E+01  3.5967E+00
9.975239E+01  2.9979E+00
1.066353E+02  2.4951E+00
1.139931E+02  2.0715E+00
1.218587E+02  1.7200E+00
1.302669E+02  1.4282E+00
1.392553E+02  1.1861E+00
1.488640E+02  9.8506E-01
1.591356E+02  8.1819E-01
1.701159E+02  6.7965E-01
1.818539E+02  5.6461E-01
1.944018E+02  4.6907E-01
2.078156E+02  3.8974E-01
2.221548E+02  3.2384E-01
2.374835E+02  2.7008E-01
2.538699E+02  2.2548E-01
2.713869E+02  1.8825E-01
2.901126E+02  1.5719E-01
3.101304E+02  1.3126E-01
3.315294E+02  1.0961E-01
3.544049E+02  9.1536E-02
3.788588E+02  7.6449E-02
4.050001E+02  6.3851E-02
4.329451E+02  5.3333E-02