Tc (Z = 43) Atomic weight: Ar = 98.00000 g mol-1   Nominal density:   ? (g cm-3) = 1.1480E+01
sigma(barns/atom) = [mue/rho](cm2 g-1)  ×  1.62733E+02 
E(eV) [mue/rho](cm2 g-1) = f2(e atom-1)  ×  4.29391E+05
14 edges. Edge energies (keV):
K      2.10440E+01  
L I    3.04250E+00  
L II   2.79320E+00  
L III  2.67690E+00 
M I    5.47600E-01  
M II   4.44900E-01  
M III  4.25000E-01  
M IV   2.56400E-01 
M V    2.52900E-01  
N I    6.84000E-02  
N II   3.89000E-02  
N III  3.89000E-02 
N IV   7.01158E-03  
N V    6.72942E-03 
Data
E/keV            [mue/rho]Photoelectric/cm2g-1
6.763068E-03  1.7960E+04
6.864010E-03  1.7147E+04
6.871351E-03  1.7090E+04
6.976524E-03  1.6297E+04
7.004571E-03  1.6094E+04
7.046640E-03  8.2638E+04
7.151814E-03  7.9014E+04
1.069000E-02  7.7220E+04
1.142761E-02  9.2123E+04
1.221612E-02  1.1049E+05
1.305903E-02  1.3168E+05
1.396010E-02  1.5453E+05
1.492335E-02  1.7731E+05
1.595306E-02  1.9792E+05
1.705382E-02  2.1416E+05
1.823053E-02  2.2415E+05
1.948844E-02  2.2673E+05
2.083314E-02  2.2163E+05
2.227063E-02  2.0957E+05
2.380730E-02  1.9197E+05
2.545001E-02  1.7071E+05
2.720606E-02  1.4773E+05
2.908327E-02  1.2474E+05
3.109002E-02  1.0307E+05
3.323523E-02  8.3640E+04
3.552846E-02  6.6912E+04
3.797993E-02  5.2957E+04
3.812200E-02  5.2256E+04
3.870550E-02  4.9484E+04
3.886110E-02  4.8775E+04
3.909450E-02  1.0129E+05
3.967800E-02  9.4900E+04
4.060054E-02  8.5773E+04
4.340198E-02  6.4011E+04
4.639671E-02  4.8345E+04
4.959809E-02  3.7096E+04
5.302035E-02  2.8898E+04
5.667876E-02  2.2848E+04
6.058959E-02  1.8335E+04
6.477028E-02  1.4934E+04
6.703200E-02  1.3516E+04
6.805800E-02  1.2948E+04
6.833160E-02  1.2804E+04
6.874200E-02  1.3698E+04
6.923942E-02  1.3455E+04
6.976800E-02  1.3206E+04
7.401695E-02  1.1508E+04
7.912411E-02  1.0005E+04
8.458368E-02  8.8235E+03
9.041995E-02  7.8812E+03
9.665893E-02  7.1179E+03
1.033284E-01  6.4894E+03
1.104581E-01  5.9625E+03
1.180797E-01  5.5130E+03
1.262272E-01  5.1223E+03
1.349368E-01  4.7976E+03
1.442475E-01  4.5252E+03
1.542005E-01  4.2751E+03
1.648404E-01  4.0418E+03
1.762144E-01  3.8208E+03
1.883732E-01  3.6095E+03
2.013709E-01  3.4062E+03
2.152655E-01  3.2095E+03
2.301188E-01  3.0189E+03
2.459970E-01  2.8338E+03
2.478420E-01  2.8134E+03
2.512720E-01  2.7761E+03
2.516355E-01  2.7722E+03
2.526471E-01  2.7613E+03
2.541645E-01  7.5729E+03
2.551180E-01  7.6498E+03
2.561436E-01  7.7340E+03
2.576820E-01  1.1122E+04
2.579580E-01  1.1162E+04
2.615280E-01  1.1693E+04
2.629708E-01  1.1917E+04
2.811158E-01  1.5169E+04
3.005128E-01  1.8694E+04
3.212482E-01  2.1444E+04
3.434143E-01  2.3088E+04
3.671099E-01  2.3570E+04
3.924405E-01  2.3038E+04
4.165000E-01  2.1916E+04
4.195189E-01  2.1748E+04
4.228750E-01  2.1557E+04
4.245750E-01  2.1458E+04
4.271250E-01  2.3941E+04
4.335000E-01  2.3531E+04
4.360020E-01  2.3368E+04
4.426755E-01  2.2924E+04
4.444551E-01  2.2804E+04
4.471245E-01  2.3713E+04
4.484657E-01  2.3621E+04
4.537980E-01  2.3253E+04
4.794098E-01  2.1477E+04
5.124891E-01  1.9257E+04
5.366480E-01  1.7743E+04
5.448620E-01  1.7254E+04
5.470524E-01  1.7126E+04
5.478508E-01  1.7853E+04
5.503380E-01  1.7706E+04
5.585520E-01  1.7228E+04
5.856525E-01  1.5752E+04
6.260625E-01  1.3825E+04
6.692609E-01  1.2089E+04
7.154399E-01  1.0546E+04
7.648052E-01  9.1620E+03
8.175768E-01  7.9373E+03
8.739896E-01  6.8680E+03
9.342948E-01  5.9383E+03
9.987612E-01  5.1312E+03
1.067676E+00  4.3572E+03
1.141345E+00  3.6917E+03
1.220098E+00  3.1326E+03
1.304285E+00  2.6623E+03
1.394281E+00  2.2659E+03
1.490486E+00  1.9317E+03
1.593329E+00  1.6496E+03
1.703269E+00  1.4107E+03
1.820795E+00  1.1995E+03
1.946430E+00  1.0190E+03
2.080733E+00  8.6673E+02
2.224304E+00  7.3791E+02
2.377781E+00  6.2827E+02
2.541848E+00  5.3551E+02
2.623362E+00  4.9673E+02
2.663515E+00  4.7912E+02
2.674223E+00  4.7458E+02
2.690284E+00  1.7735E+03
2.717235E+00  1.7238E+03
2.730438E+00  1.7001E+03
2.737336E+00  1.6879E+03
2.779234E+00  1.6163E+03
2.790407E+00  1.5980E+03
2.807166E+00  2.1901E+03
2.849064E+00  2.1049E+03
2.904724E+00  2.0004E+03
2.981650E+00  1.8724E+03
3.027288E+00  1.8006E+03
3.039458E+00  1.7816E+03
3.057713E+00  2.0177E+03
3.105150E+00  1.9404E+03
3.319406E+00  1.6365E+03
3.548445E+00  1.3778E+03
3.793288E+00  1.1585E+03
4.055024E+00  9.7414E+02
4.334821E+00  8.1874E+02
4.633924E+00  6.8848E+02
4.953664E+00  5.7910E+02
5.295467E+00  4.8732E+02
5.660855E+00  4.0838E+02
6.051453E+00  3.4152E+02
6.469004E+00  2.8525E+02
6.915365E+00  2.3842E+02
7.392525E+00  1.9946E+02
7.902609E+00  1.6703E+02
8.447890E+00  1.3987E+02
9.030794E+00  1.1691E+02
9.653919E+00  9.7003E+01
1.032004E+01  8.0563E+01
1.103212E+01  6.6936E+01
1.179334E+01  5.5619E+01
1.260708E+01  4.6092E+01
1.347697E+01  3.8155E+01
1.440688E+01  3.1512E+01
1.540095E+01  2.6050E+01
1.646362E+01  2.1554E+01
1.759961E+01  1.7850E+01
1.881398E+01  1.4794E+01
2.011215E+01  1.2273E+01
2.062312E+01  1.1443E+01
2.093878E+01  1.0969E+01
2.102296E+01  1.0847E+01
2.114922E+01  7.3809E+01
2.146488E+01  7.0796E+01
2.149988E+01  7.0472E+01
2.298338E+01  5.8778E+01
2.456923E+01  4.9395E+01
2.626450E+01  4.1529E+01
2.807676E+01  3.4707E+01
3.001405E+01  2.8912E+01
3.208502E+01  2.4088E+01
3.429889E+01  2.0071E+01
3.666551E+01  1.6726E+01
3.919543E+01  1.3940E+01
4.189992E+01  1.1620E+01
4.479101E+01  9.6163E+00
4.788159E+01  7.9548E+00
5.118542E+01  6.5810E+00
5.471721E+01  5.4449E+00
5.849270E+01  4.5051E+00
6.252870E+01  3.7273E+00
6.684318E+01  3.0830E+00
7.145536E+01  2.5490E+00
7.638578E+01  2.1077E+00
8.165640E+01  1.7405E+00
8.729069E+01  1.4330E+00
9.331374E+01  1.1791E+00
9.975239E+01  9.6919E-01
1.066353E+02  7.9669E-01
1.139931E+02  6.5493E-01
1.218587E+02  5.3841E-01
1.302669E+02  4.4265E-01
1.392553E+02  3.6393E-01
1.488640E+02  2.9923E-01
1.591356E+02  2.4604E-01
1.701159E+02  2.0231E-01
1.818539E+02  1.6636E-01
1.944018E+02  1.3680E-01
2.078156E+02  1.1250E-01
2.221548E+02  9.2523E-02
2.374835E+02  7.6093E-02
2.538699E+02  6.2583E-02
2.713869E+02  5.1474E-02
2.901126E+02  4.2338E-02
3.101304E+02  3.4824E-02
3.315294E+02  2.8645E-02
3.544049E+02  2.3563E-02
3.788588E+02  1.9383E-02
4.050001E+02  1.5945E-02
4.329451E+02  1.3117E-02