Te (Z = 52) Atomic weight: Ar = 127.6000 g mol-1   Nominal density:   ? (g cm-3) = 6.2300
sigma(barns/atom) = [mue/rho](cm2 g-1)  ×  2.11885E+02
E(eV) [mue/rho](cm2 g-1) = f2(e atom-1)  ×  3.29783E+05
14 edges. Edge energies (keV):
K      3.18138E+01  
L I    4.93920E+00  
L II   4.61200E+00  
L III  4.34140E+00 
M I    1.00600E+00  
M II   8.69700E-01  
M III  8.18700E-01  
M IV   5.82500E-01 
M V    5.72100E-01  
N I    1.68300E-01  
N II   1.10200E-01  
N III  1.10200E-01 
N IV   3.98000E-02  
N V    3.98000E-02 
Data
E/keV            [mue/rho]Photoelectric/cm2g-1
3.999900E-02  2.2210E+03
4.060054E-02  3.1810E+03
4.340198E-02  1.5848E+04
4.639671E-02  6.4072E+04
4.959809E-02  1.5756E+05
5.302035E-02  2.5959E+05
5.667876E-02  3.1290E+05
6.058959E-02  2.9728E+05
6.477028E-02  2.3704E+05
6.923942E-02  1.6713E+05
7.401695E-02  1.0878E+05
7.912411E-02  6.7671E+04
8.458368E-02  4.1375E+04
9.041995E-02  2.5407E+04
9.665893E-02  1.5929E+04
1.033284E-01  1.0319E+04
1.079960E-01  7.9139E+03
1.096490E-01  7.2562E+03
1.100898E-01  7.0946E+03
1.104581E-01  1.0363E+04
1.107510E-01  1.0245E+04
1.124040E-01  9.6231E+03
1.180797E-01  7.9347E+03
1.262272E-01  6.3384E+03
1.349368E-01  5.2980E+03
1.442475E-01  4.6093E+03
1.542005E-01  4.1469E+03
1.648404E-01  3.8351E+03
1.649340E-01  3.8330E+03
1.674585E-01  3.7781E+03
1.681317E-01  3.7645E+03
1.691415E-01  4.4359E+03
1.716660E-01  4.3906E+03
1.762144E-01  4.3204E+03
1.883732E-01  4.1872E+03
2.013709E-01  4.0971E+03
2.152655E-01  4.0334E+03
2.301188E-01  3.9863E+03
2.459970E-01  3.9485E+03
2.629708E-01  3.9136E+03
2.811158E-01  3.8764E+03
3.005128E-01  3.8318E+03
3.212482E-01  3.7757E+03
3.434143E-01  3.7043E+03
3.671099E-01  3.6150E+03
3.924405E-01  3.5063E+03
4.195189E-01  3.3781E+03
4.484657E-01  3.2312E+03
4.794098E-01  3.0674E+03
5.124891E-01  2.8900E+03
5.478508E-01  2.7031E+03
5.606580E-01  2.6369E+03
5.692395E-01  2.5932E+03
5.708500E-01  2.5851E+03
5.715279E-01  2.5817E+03
5.749605E-01  1.6804E+04
5.795875E-01  1.6416E+04
5.819175E-01  1.6226E+04
5.835420E-01  2.5348E+04
5.856525E-01  2.5074E+04
5.941500E-01  2.4011E+04
6.260625E-01  2.0522E+04
6.692609E-01  1.6961E+04
7.154399E-01  1.4304E+04
7.648052E-01  1.2193E+04
8.023260E-01  1.0893E+04
8.146065E-01  1.0513E+04
8.175768E-01  1.0424E+04
8.178813E-01  1.0415E+04
8.227935E-01  1.1700E+04
8.350740E-01  1.1328E+04
8.523060E-01  1.0836E+04
8.653515E-01  1.0484E+04
8.688303E-01  1.0393E+04
8.739896E-01  1.0832E+04
8.740485E-01  1.0831E+04
8.870940E-01  1.0498E+04
9.342948E-01  9.4113E+03
9.858800E-01  8.4003E+03
9.987612E-01  8.1753E+03
1.000970E+00  8.1358E+03
1.004994E+00  8.0604E+03
1.011030E+00  8.3174E+03
1.026120E+00  8.0401E+03
1.067676E+00  7.3415E+03
1.141345E+00  6.3038E+03
1.220098E+00  5.4135E+03
1.304285E+00  4.6505E+03
1.394281E+00  3.9924E+03
1.490486E+00  3.4161E+03
1.593329E+00  2.9186E+03
1.703269E+00  2.4941E+03
1.820795E+00  2.1323E+03
1.946430E+00  1.8240E+03
2.080733E+00  1.5606E+03
2.224304E+00  1.3343E+03
2.377781E+00  1.1372E+03
2.541848E+00  9.6618E+02
2.717235E+00  8.2217E+02
2.904724E+00  7.0075E+02
3.105150E+00  5.9207E+02
3.319406E+00  4.9582E+02
3.548445E+00  4.1380E+02
3.793288E+00  3.4519E+02
4.055024E+00  2.8844E+02
4.254572E+00  2.5370E+02
4.319693E+00  2.4366E+02
4.334821E+00  2.4141E+02
4.337059E+00  2.4108E+02
4.363107E+00  8.1100E+02
4.428228E+00  7.7263E+02
4.519760E+00  7.2268E+02
4.588940E+00  6.8938E+02
4.607388E+00  6.8137E+02
4.633924E+00  9.3861E+02
4.635060E+00  9.3792E+02
4.704240E+00  8.9696E+02
4.840416E+00  8.2431E+02
4.914504E+00  7.9017E+02
4.934261E+00  7.8149E+02
4.953664E+00  8.9514E+02
4.963896E+00  8.9036E+02
5.037984E+00  8.5704E+02
5.295467E+00  7.5622E+02
5.660855E+00  6.4224E+02
6.051453E+00  5.4278E+02
6.469004E+00  4.5704E+02
6.915365E+00  3.8405E+02
7.392525E+00  3.2260E+02
7.902609E+00  2.7107E+02
8.447890E+00  2.2797E+02
9.030794E+00  1.9131E+02
9.653919E+00  1.5913E+02
1.032004E+01  1.3216E+02
1.103212E+01  1.0974E+02
1.179334E+01  9.1188E+01
1.260708E+01  7.5838E+01
1.347697E+01  6.3130E+01
1.440688E+01  5.2599E+01
1.540095E+01  4.3864E+01
1.646362E+01  3.6583E+01
1.759961E+01  3.0528E+01
1.881398E+01  2.5499E+01
2.011215E+01  2.1246E+01
2.149988E+01  1.7689E+01
2.298338E+01  1.4670E+01
2.456923E+01  1.2177E+01
2.626450E+01  1.0117E+01
2.807676E+01  8.3299E+00
3.001405E+01  6.8420E+00
3.117752E+01  6.1184E+00
3.165473E+01  5.8517E+00
3.178199E+01  5.7833E+00
3.197287E+01  3.6046E+01
3.208502E+01  3.5714E+01
3.245008E+01  3.4662E+01
3.429889E+01  2.9937E+01
3.666551E+01  2.5082E+01
3.919543E+01  2.1010E+01
4.189992E+01  1.7586E+01
4.479101E+01  1.4675E+01
4.788159E+01  1.2242E+01
5.118542E+01  1.0209E+01
5.471721E+01  8.5123E+00
5.849270E+01  7.0963E+00
6.252870E+01  5.9157E+00
6.684318E+01  4.9167E+00
7.145536E+01  4.0824E+00
7.638578E+01  3.3899E+00
8.165640E+01  2.8108E+00
8.729069E+01  2.3227E+00
9.331374E+01  1.9195E+00
9.975239E+01  1.5864E+00
1.066353E+02  1.3112E+00
1.139931E+02  1.0838E+00
1.218587E+02  8.9596E-01
1.302669E+02  7.4070E-01
1.392553E+02  6.1240E-01
1.488640E+02  5.0639E-01
1.591356E+02  4.1875E-01
1.701159E+02  3.4630E-01
1.818539E+02  2.8641E-01
1.944018E+02  2.3689E-01
2.078156E+02  1.9594E-01
2.221548E+02  1.6208E-01
2.374835E+02  1.3407E-01
2.538699E+02  1.1092E-01
2.713869E+02  9.1763E-02
2.901126E+02  7.5921E-02
3.101304E+02  6.2817E-02
3.315294E+02  5.1977E-02
3.544049E+02  4.3010E-02
3.788588E+02  3.5591E-02
4.050001E+02  2.9454E-02
4.329451E+02  2.4376E-02