Tl (Z = 81) Atomic weight: Ar = 204.3830 g mol-1   Nominal density:   ? (g cm-3) = 1.1830E+01
sigma(barns/atom) = [mue/rho](cm2 g-1)  ×  3.39386E+02
E(eV) [mue/rho](cm2 g-1) = f2(e atom-1)  ×  2.05890E+05
22 edges. Edge energies (keV):
K      8.55304E+01  
L I    1.53467E+01  
L II   1.46979E+01  
L III  1.26575E+01 
M I    3.70410E+00  
M II   3.41570E+00  
M III  2.95660E+00  
M IV   2.48510E+00 
M V    2.38930E+00  
N I    8.45500E-01  
N II   7.21300E-01  
N III  6.09000E-01 
N IV   4.06600E-01  
N V    3.86200E-01  
N VI   1.22800E-01  
N VII  1.18500E-01 
O I    1.36300E-01  
O II   9.96000E-02  
O III  7.54000E-02  
O IV   1.53000E-02 
O V    1.31000E-02  
P I    9.66483E-03 
Data
E/keV            [mue/rho]Photoelectric/cm2g-1
9.713156E-03  2.0294E+04
9.858128E-03  1.9652E+04
1.069000E-02  1.6481E+04
1.142761E-02  1.3758E+04
1.221612E-02  1.0897E+04
1.283800E-02  8.9254E+03
1.303450E-02  8.3666E+03
1.305903E-02  8.2991E+03
1.308690E-02  8.2229E+03
1.316550E-02  3.9884E+04
1.336200E-02  3.7665E+04
1.396010E-02  3.1765E+04
1.492335E-02  2.4948E+04
1.499400E-02  2.4632E+04
1.522350E-02  2.3756E+04
1.528470E-02  2.3558E+04
1.537650E-02  3.9304E+04
1.560600E-02  3.8150E+04
1.595306E-02  3.6757E+04
1.705382E-02  3.4556E+04
1.823053E-02  3.6079E+04
1.948844E-02  4.1184E+04
2.083314E-02  4.9647E+04
2.227063E-02  6.1437E+04
2.380730E-02  7.6334E+04
2.545001E-02  9.3643E+04
2.720606E-02  1.1205E+05
2.908327E-02  1.2963E+05
3.109002E-02  1.4419E+05
3.323523E-02  1.5363E+05
3.552846E-02  1.5656E+05
3.797993E-02  1.5256E+05
4.060054E-02  1.4230E+05
4.340198E-02  1.2730E+05
4.639671E-02  1.0953E+05
4.959809E-02  9.0947E+04
5.302035E-02  7.3154E+04
5.667876E-02  5.7258E+04
6.058959E-02  4.3821E+04
6.477028E-02  3.2956E+04
6.923942E-02  2.4485E+04
7.389200E-02  1.8198E+04
7.401695E-02  1.8058E+04
7.502300E-02  1.6970E+04
7.532460E-02  1.6660E+04
7.577700E-02  2.3166E+04
7.690800E-02  2.1696E+04
7.912411E-02  1.9133E+04
8.458368E-02  1.4261E+04
9.041995E-02  1.0718E+04
9.665893E-02  8.1541E+03
9.760800E-02  7.8431E+03
9.910200E-02  7.3874E+03
9.950040E-02  7.2725E+03
1.000980E-01  9.9971E+03
1.015920E-01  9.4947E+03
1.033284E-01  8.9574E+03
1.104581E-01  7.1758E+03
1.161300E-01  6.0960E+03
1.179075E-01  5.8021E+03
1.180797E-01  5.7747E+03
1.183815E-01  5.7270E+03
1.190925E-01  6.2646E+03
1.203440E-01  6.0895E+03
1.208700E-01  6.0184E+03
1.221860E-01  5.8472E+03
1.226772E-01  5.7856E+03
1.234140E-01  6.1417E+03
1.252560E-01  5.9421E+03
1.262272E-01  5.8432E+03
1.335740E-01  5.2231E+03
1.349368E-01  5.1322E+03
1.356185E-01  5.0894E+03
1.361637E-01  5.0566E+03
1.369815E-01  5.1742E+03
1.390260E-01  5.0681E+03
1.442475E-01  4.8642E+03
1.542005E-01  4.7034E+03
1.648404E-01  4.7969E+03
1.762144E-01  5.1344E+03
1.883732E-01  5.7061E+03
2.013709E-01  6.4952E+03
2.152655E-01  7.4715E+03
2.301188E-01  8.5868E+03
2.459970E-01  9.7746E+03
2.629708E-01  1.0964E+04
2.811158E-01  1.2058E+04
3.005128E-01  1.2979E+04
3.212482E-01  1.3656E+04
3.434143E-01  1.4045E+04
3.671099E-01  1.4127E+04
3.784760E-01  1.4065E+04
3.842690E-01  1.4011E+04
3.858138E-01  1.3994E+04
3.881310E-01  1.4352E+04
3.924405E-01  1.4313E+04
3.939240E-01  1.4299E+04
3.984680E-01  1.4249E+04
4.045670E-01  1.4172E+04
4.061934E-01  1.4150E+04
4.086330E-01  1.4372E+04
4.147320E-01  1.4292E+04
4.195189E-01  1.4224E+04
4.484657E-01  1.3725E+04
4.794098E-01  1.3062E+04
5.0000000E-01  1.2570E+04
5.0250000E-01  1.2509E+04
5.0501250E-01  1.2446E+04
5.0753756E-01  1.2383E+04
5.1007525E-01  1.2319E+04
5.1262563E-01  1.2255E+04
5.1518875E-01  1.2190E+04
5.1776470E-01  1.2125E+04
5.2035352E-01  1.2059E+04
5.2295529E-01  1.1993E+04
5.2557007E-01  1.1926E+04
5.2819792E-01  1.1859E+04
5.3083891E-01  1.1791E+04
5.3349310E-01  1.1723E+04
5.3616057E-01  1.1654E+04
5.3884137E-01  1.1586E+04
5.4153558E-01  1.1517E+04
5.4424325E-01  1.1447E+04
5.4696447E-01  1.1377E+04
5.4969929E-01  1.1307E+04
5.5244779E-01  1.1237E+04
5.5521003E-01  1.1167E+04
5.5798608E-01  1.1096E+04
5.6077601E-01  1.1025E+04
5.6357989E-01  1.0954E+04
5.6639779E-01  1.0883E+04
5.6922978E-01  1.0811E+04
5.7207593E-01  1.0740E+04
5.7493630E-01  1.0668E+04
5.7781099E-01  1.0597E+04
5.8070004E-01  1.0525E+04
5.8360354E-01  1.0453E+04
5.8652156E-01  1.0382E+04
5.8945417E-01  1.0310E+04
5.9240144E-01  1.0238E+04
5.9536345E-01  1.0166E+04
5.9834026E-01  1.0094E+04
6.0133196E-01  1.0023E+04
6.0433862E-01  9.9509E+03
6.0736032E-01  9.8793E+03
6.0824487E-01  9.8584E+03
6.0975519E-01  1.0429E+04
6.1039712E-01  1.0414E+04
6.1344910E-01  1.0340E+04
6.1651635E-01  1.0267E+04
6.1959893E-01  1.0193E+04
6.2269693E-01  1.0120E+04
6.2581041E-01  1.0047E+04
6.2893946E-01  9.9742E+03
6.3208416E-01  9.9015E+03
6.3524458E-01  9.8290E+03
6.3842080E-01  9.7567E+03
6.4161291E-01  9.6846E+03
6.4482097E-01  9.6126E+03
6.4804508E-01  9.5409E+03
6.5128530E-01  9.4695E+03
6.5454173E-01  9.3982E+03
6.5781444E-01  9.3272E+03
6.6110351E-01  9.2565E+03
6.6440903E-01  9.1860E+03
6.6773107E-01  9.1158E+03
6.7106973E-01  9.0458E+03
6.7442508E-01  8.9761E+03
6.7779720E-01  8.9067E+03
6.8118619E-01  8.8376E+03
6.8459212E-01  8.7687E+03
6.8801508E-01  8.7002E+03
6.9145515E-01  8.6319E+03
6.9491243E-01  8.5639E+03
6.9838699E-01  8.4962E+03
7.0187893E-01  8.4289E+03
7.0538832E-01  8.3618E+03
7.0891526E-01  8.2951E+03
7.1245984E-01  8.2287E+03
7.1602214E-01  8.1627E+03
7.1960225E-01  8.0969E+03
7.2029019E-01  8.0844E+03
7.2230983E-01  8.1594E+03
7.2320026E-01  8.1433E+03
7.2681626E-01  8.0782E+03
7.3045034E-01  8.0135E+03
7.3410260E-01  7.9491E+03
7.3777311E-01  7.8851E+03
7.4146197E-01  7.8214E+03
7.4516928E-01  7.7581E+03
7.4889513E-01  7.6951E+03
7.5263961E-01  7.6325E+03
7.5640280E-01  7.5703E+03
7.6018482E-01  7.5085E+03
7.6398574E-01  7.4470E+03
7.6780567E-01  7.3859E+03
7.7164470E-01  7.3251E+03
7.7550292E-01  7.2648E+03
7.7938044E-01  7.2048E+03
7.8327734E-01  7.1452E+03
7.8719373E-01  7.0860E+03
7.9112969E-01  7.0271E+03
7.9508534E-01  6.9686E+03
7.9906077E-01  6.9106E+03
8.0305607E-01  6.8529E+03
8.0707135E-01  6.7955E+03
8.1110671E-01  6.7386E+03
8.1516224E-01  6.6821E+03
8.1923806E-01  6.6259E+03
8.2333425E-01  6.5701E+03
8.2745092E-01  6.5147E+03
8.3158817E-01  6.4597E+03
8.3574611E-01  6.4050E+03
8.3992484E-01  6.3508E+03
8.4412447E-01  6.2969E+03
8.4423174E-01  6.2955E+03
8.4676824E-01  6.3962E+03
8.4834509E-01  6.3761E+03
8.5258682E-01  6.3224E+03
8.5684975E-01  6.2692E+03
8.6113400E-01  6.2163E+03
8.6543967E-01  6.1639E+03
8.6976687E-01  6.1118E+03
8.7411570E-01  6.0601E+03
8.7848628E-01  6.0088E+03
8.8287871E-01  5.9578E+03
8.8729310E-01  5.9072E+03
8.9172957E-01  5.8571E+03
8.9618822E-01  5.8072E+03
9.0066916E-01  5.7578E+03
9.0517250E-01  5.7087E+03
9.0969837E-01  5.6601E+03
9.1424686E-01  5.6117E+03
9.1881809E-01  5.5638E+03
9.2341218E-01  5.5162E+03
9.2802924E-01  5.4690E+03
9.3266939E-01  5.4222E+03
9.3733274E-01  5.3757E+03
9.4201940E-01  5.3296E+03
9.4672950E-01  5.2838E+03
9.5146315E-01  5.2384E+03
9.5622046E-01  5.1933E+03
9.6100156E-01  5.1487E+03
9.6580657E-01  5.1043E+03
9.7063560E-01  5.0603E+03
9.7548878E-01  5.0167E+03
9.8036623E-01  4.9734E+03
9.8526806E-01  4.9305E+03
9.9019440E-01  4.8879E+03
9.9514537E-01  4.8456E+03
1.0001211E+00  4.8035E+03
1.0051217E+00  4.7542E+03
1.0101473E+00  4.7054E+03
1.0151980E+00  4.6572E+03
1.0202740E+00  4.6094E+03
1.0253754E+00  4.5622E+03
1.0305023E+00  4.5153E+03
1.0356548E+00  4.4687E+03
1.0408331E+00  4.4226E+03
1.0460372E+00  4.3769E+03
1.0512674E+00  4.3318E+03
1.0565238E+00  4.2871E+03
1.0618064E+00  4.2429E+03
1.0671154E+00  4.1992E+03
1.0724510E+00  4.1559E+03
1.0778132E+00  4.1131E+03
1.0832023E+00  4.0708E+03
1.0886183E+00  4.0289E+03
1.0940614E+00  3.9874E+03
1.0995317E+00  3.9464E+03
1.1050294E+00  3.9059E+03
1.1105545E+00  3.8657E+03
1.1161073E+00  3.8260E+03
1.1216878E+00  3.7868E+03
1.1272963E+00  3.7479E+03
1.1329328E+00  3.7094E+03
1.1385974E+00  3.6714E+03
1.1442904E+00  3.6338E+03
1.1500119E+00  3.5965E+03
1.1557619E+00  3.5597E+03
1.1615407E+00  3.5233E+03
1.1673484E+00  3.4872E+03
1.1731852E+00  3.4515E+03
1.1790511E+00  3.4162E+03
1.1849464E+00  3.3813E+03
1.1908711E+00  3.3468E+03
1.1968254E+00  3.3126E+03
1.2028096E+00  3.2788E+03
1.2088236E+00  3.2453E+03
1.2148677E+00  3.2123E+03
1.2209421E+00  3.1795E+03
1.2270468E+00  3.1469E+03
1.2331820E+00  3.1147E+03
1.2393479E+00  3.0828E+03
1.2455447E+00  3.0512E+03
1.2517724E+00  3.0200E+03
1.2580312E+00  2.9891E+03
1.2643214E+00  2.9586E+03
1.2706430E+00  2.9283E+03
1.2769962E+00  2.8984E+03
1.2833812E+00  2.8688E+03
1.2897981E+00  2.8396E+03
1.2962471E+00  2.8106E+03
1.3027283E+00  2.7820E+03
1.3092420E+00  2.7536E+03
1.3157882E+00  2.7256E+03
1.3223671E+00  2.6978E+03
1.3289790E+00  2.6704E+03
1.3356239E+00  2.6432E+03
1.3423020E+00  2.6164E+03
1.3490135E+00  2.5898E+03
1.3557586E+00  2.5635E+03
1.3625374E+00  2.5375E+03
1.3693500E+00  2.5117E+03
1.3761968E+00  2.4863E+03
1.3830778E+00  2.4611E+03
1.3899932E+00  2.4361E+03
1.3969431E+00  2.4115E+03
1.4039278E+00  2.3871E+03
1.4109475E+00  2.3630E+03
1.4180022E+00  2.3391E+03
1.4250922E+00  2.3154E+03
1.4322177E+00  2.2920E+03
1.4393788E+00  2.2687E+03
1.4465757E+00  2.2457E+03
1.4538086E+00  2.2230E+03
1.4610776E+00  2.2004E+03
1.4683830E+00  2.1782E+03
1.4757249E+00  2.1561E+03
1.4831035E+00  2.1343E+03
1.4905190E+00  2.1128E+03
1.4979716E+00  2.0914E+03
1.5054615E+00  2.0703E+03
1.5129888E+00  2.0495E+03
1.5205537E+00  2.0288E+03
1.5281565E+00  2.0084E+03
1.5357973E+00  1.9882E+03
1.5434763E+00  1.9682E+03
1.5511937E+00  1.9475E+03
1.5589496E+00  1.9270E+03
1.5667444E+00  1.9067E+03
1.5745781E+00  1.8866E+03
1.5824510E+00  1.8667E+03
1.5903633E+00  1.8471E+03
1.5983151E+00  1.8276E+03
1.6063066E+00  1.8084E+03
1.6143382E+00  1.7895E+03
1.6224099E+00  1.7707E+03
1.6305219E+00  1.7518E+03
1.6386745E+00  1.7329E+03
1.6468679E+00  1.7141E+03
1.6551022E+00  1.6956E+03
1.6633777E+00  1.6773E+03
1.6716946E+00  1.6592E+03
1.6800531E+00  1.6414E+03
1.6884534E+00  1.6237E+03
1.6968956E+00  1.6062E+03
1.7053801E+00  1.5890E+03
1.7139070E+00  1.5719E+03
1.7224766E+00  1.5550E+03
1.7310889E+00  1.5383E+03
1.7397444E+00  1.5219E+03
1.7484431E+00  1.5056E+03
1.7571853E+00  1.4895E+03
1.7659712E+00  1.4736E+03
1.7748011E+00  1.4578E+03
1.7836751E+00  1.4423E+03
1.7925935E+00  1.4269E+03
1.8015565E+00  1.4117E+03
1.8105642E+00  1.3967E+03
1.8196171E+00  1.3818E+03
1.8287151E+00  1.3671E+03
1.8378587E+00  1.3526E+03
1.8470480E+00  1.3383E+03
1.8562833E+00  1.3241E+03
1.8655647E+00  1.3101E+03
1.8748925E+00  1.2962E+03
1.8842670E+00  1.2825E+03
1.8936883E+00  1.2689E+03
1.9031567E+00  1.2555E+03
1.9126725E+00  1.2422E+03
1.9222359E+00  1.2291E+03
1.9318471E+00  1.2162E+03
1.9415063E+00  1.2034E+03
1.9512138E+00  1.1907E+03
1.9609699E+00  1.1782E+03
1.9707747E+00  1.1658E+03
1.9806286E+00  1.1535E+03
1.9905318E+00  1.1414E+03
2.0004844E+00  1.1295E+03
2.0104868E+00  1.1176E+03
2.0205393E+00  1.1059E+03
2.0306420E+00  1.0944E+03
2.0407952E+00  1.0829E+03
2.0509992E+00  1.0716E+03
2.0612542E+00  1.0604E+03
2.0715604E+00  1.0494E+03
2.0819182E+00  1.0385E+03
2.0923278E+00  1.0276E+03
2.1027895E+00  1.0170E+03
2.1133034E+00  1.0064E+03
2.1238699E+00  9.9594E+02
2.1344893E+00  9.8561E+02
2.1451617E+00  9.7539E+02
2.1558875E+00  9.6528E+02
2.1666670E+00  9.5529E+02
2.1775003E+00  9.4542E+02
2.1883878E+00  9.3565E+02
2.1993297E+00  9.2599E+02
2.2103264E+00  9.1643E+02
2.2213780E+00  9.0699E+02
2.2324849E+00  8.9746E+02
2.2436473E+00  8.8795E+02
2.2548656E+00  8.7855E+02
2.2661399E+00  8.6927E+02
2.2774706E+00  8.6009E+02
2.2888579E+00  8.5101E+02
2.3003022E+00  8.4205E+02
2.3118037E+00  8.3308E+02
2.3233628E+00  8.2413E+02
2.3349796E+00  8.1529E+02
2.3466545E+00  8.0655E+02
2.3583878E+00  7.9792E+02
2.3701797E+00  7.8939E+02
2.3820306E+00  7.8097E+02
2.3886550E+00  7.7632E+02
2.3899452E+00  2.2493E+03
2.3939407E+00  2.2400E+03
2.4059104E+00  2.2123E+03
2.4179400E+00  2.1851E+03
2.4300297E+00  2.1581E+03
2.4421798E+00  2.1314E+03
2.4543907E+00  2.1050E+03
2.4666627E+00  2.0790E+03
2.4789960E+00  2.0533E+03
2.4843943E+00  2.0421E+03
2.4858058E+00  2.9783E+03
2.4913910E+00  2.9615E+03
2.5038479E+00  2.9243E+03
2.5163672E+00  2.8876E+03
2.5289490E+00  2.8514E+03
2.5415938E+00  2.8157E+03
2.5543017E+00  2.7804E+03
2.5670732E+00  2.7456E+03
2.5799086E+00  2.7112E+03
2.5928082E+00  2.6773E+03
2.6057722E+00  2.6438E+03
2.6188011E+00  2.6107E+03
2.6318951E+00  2.5780E+03
2.6450545E+00  2.5458E+03
2.6582798E+00  2.5140E+03
2.6715712E+00  2.4826E+03
2.6849291E+00  2.4516E+03
2.6983537E+00  2.4210E+03
2.7118455E+00  2.3907E+03
2.7254047E+00  2.3609E+03
2.7390317E+00  2.3315E+03
2.7527269E+00  2.3024E+03
2.7664905E+00  2.2737E+03
2.7803230E+00  2.2454E+03
2.7942246E+00  2.2174E+03
2.8081957E+00  2.1898E+03
2.8222367E+00  2.1625E+03
2.8363479E+00  2.1356E+03
2.8505296E+00  2.1090E+03
2.8647823E+00  2.0828E+03
2.8791062E+00  2.0569E+03
2.8935017E+00  2.0313E+03
2.9079692E+00  2.0060E+03
2.9225091E+00  1.9811E+03
2.9371216E+00  1.9564E+03
2.9518072E+00  1.9321E+03
2.9536434E+00  1.9291E+03
2.9595566E+00  2.2526E+03
2.9665662E+00  2.2385E+03
2.9813991E+00  2.2090E+03
2.9963061E+00  2.1800E+03
3.0112876E+00  2.1507E+03
3.0263440E+00  2.1217E+03
3.0414758E+00  2.0934E+03
3.0566831E+00  2.0655E+03
3.0719666E+00  2.0381E+03
3.0873264E+00  2.0111E+03
3.1027630E+00  1.9845E+03
3.1182768E+00  1.9590E+03
3.1338682E+00  1.9339E+03
3.1495376E+00  1.9091E+03
3.1652853E+00  1.8847E+03
3.1811117E+00  1.8607E+03
3.1970172E+00  1.8370E+03
3.2130023E+00  1.8136E+03
3.2290673E+00  1.7906E+03
3.2452127E+00  1.7676E+03
3.2614387E+00  1.7450E+03
3.2777459E+00  1.7227E+03
3.2941347E+00  1.7007E+03
3.3106053E+00  1.6790E+03
3.3271584E+00  1.6576E+03
3.3437941E+00  1.6365E+03
3.3605131E+00  1.6157E+03
3.3773157E+00  1.5951E+03
3.3942023E+00  1.5748E+03
3.4107130E+00  1.5552E+03
3.4111733E+00  1.5547E+03
3.4206869E+00  1.6524E+03
3.4282291E+00  1.6429E+03
3.4453703E+00  1.6214E+03
3.4625971E+00  1.6002E+03
3.4799101E+00  1.5794E+03
3.4973097E+00  1.5588E+03
3.5147962E+00  1.5384E+03
3.5323702E+00  1.5184E+03
3.5500321E+00  1.4986E+03
3.5677822E+00  1.4790E+03
3.5856211E+00  1.4598E+03
3.6035492E+00  1.4413E+03
3.6215670E+00  1.4232E+03
3.6396748E+00  1.4053E+03
3.6578732E+00  1.3876E+03
3.6761626E+00  1.3702E+03
3.6945434E+00  1.3531E+03
3.6962102E+00  1.3515E+03
3.7119896E+00  1.3967E+03
3.7130161E+00  1.3957E+03
3.7315812E+00  1.3787E+03
3.7502391E+00  1.3618E+03
3.7689903E+00  1.3453E+03
3.7878352E+00  1.3289E+03
3.8067744E+00  1.3128E+03
3.8258083E+00  1.2969E+03
3.8449373E+00  1.2812E+03
3.8641620E+00  1.2655E+03
3.8834828E+00  1.2500E+03
3.9029002E+00  1.2348E+03
3.9224147E+00  1.2197E+03
3.9420268E+00  1.2049E+03
3.9617369E+00  1.1902E+03
3.9815456E+00  1.1758E+03
4.0014533E+00  1.1616E+03
4.0214606E+00  1.1475E+03
4.0415679E+00  1.1337E+03
4.0617757E+00  1.1200E+03
4.0820846E+00  1.1065E+03
4.1024950E+00  1.0932E+03
4.1230075E+00  1.0801E+03
4.1436226E+00  1.0671E+03
4.1643407E+00  1.0543E+03
4.1851624E+00  1.0417E+03
4.2060882E+00  1.0293E+03
4.2271186E+00  1.0170E+03
4.2482542E+00  1.0048E+03
4.2694955E+00  9.9287E+02
4.2908430E+00  9.8105E+02
4.3122972E+00  9.6938E+02
4.3338587E+00  9.5786E+02
4.3555280E+00  9.4649E+02
4.3773056E+00  9.3526E+02
4.3991921E+00  9.2418E+02
4.4211881E+00  9.1323E+02
4.4432940E+00  9.0241E+02
4.4655105E+00  8.9156E+02
4.4878381E+00  8.8086E+02
4.5102772E+00  8.7028E+02
4.5328286E+00  8.5984E+02
4.5554928E+00  8.4953E+02
4.5782702E+00  8.3934E+02
4.6011616E+00  8.2928E+02
4.6241674E+00  8.1935E+02
4.6472882E+00  8.0954E+02
4.6705247E+00  7.9984E+02
4.6938773E+00  7.9027E+02
4.7173467E+00  7.8082E+02
4.7409334E+00  7.7148E+02
4.7646381E+00  7.6225E+02
4.7884613E+00  7.5301E+02
4.8124036E+00  7.4371E+02
4.8364656E+00  7.3450E+02
4.8606479E+00  7.2540E+02
4.8849512E+00  7.1642E+02
4.9093759E+00  7.0755E+02
4.9339228E+00  6.9880E+02
4.9585924E+00  6.9017E+02
4.9833854E+00  6.8154E+02
5.0083023E+00  6.7294E+02
5.0333438E+00  6.6446E+02
5.0585105E+00  6.5609E+02
5.0838031E+00  6.4783E+02
5.1092221E+00  6.3967E+02
5.1347682E+00  6.3163E+02
5.1604421E+00  6.2369E+02
5.1862443E+00  6.1586E+02
5.2121755E+00  6.0813E+02
5.2382364E+00  6.0050E+02
5.2644276E+00  5.9297E+02
5.2907497E+00  5.8554E+02
5.3172034E+00  5.7821E+02
5.3437895E+00  5.7098E+02
5.3705084E+00  5.6384E+02
5.3973609E+00  5.5679E+02
5.4243477E+00  5.4984E+02
5.4514695E+00  5.4298E+02
5.4787268E+00  5.3621E+02
5.5061205E+00  5.2952E+02
5.5336511E+00  5.2293E+02
5.5613193E+00  5.1642E+02
5.5891259E+00  5.1000E+02
5.6170716E+00  5.0366E+02
5.6451569E+00  4.9741E+02
5.6733827E+00  4.9124E+02
5.7017496E+00  4.8515E+02
5.7302584E+00  4.7914E+02
5.7589096E+00  4.7321E+02
5.7877042E+00  4.6735E+02
5.8166427E+00  4.6158E+02
5.8457259E+00  4.5588E+02
5.8749546E+00  4.5025E+02
5.9043293E+00  4.4470E+02
5.9338510E+00  4.3914E+02
5.9635202E+00  4.3361E+02
5.9933378E+00  4.2815E+02
6.0233045E+00  4.2277E+02
6.0534210E+00  4.1746E+02
6.0836882E+00  4.1222E+02
6.1141066E+00  4.0705E+02
6.1446771E+00  4.0194E+02
6.1754005E+00  3.9691E+02
6.2062775E+00  3.9194E+02
6.2373089E+00  3.8704E+02
6.2684954E+00  3.8220E+02
6.2998379E+00  3.7743E+02
6.3313371E+00  3.7272E+02
6.3629938E+00  3.6807E+02
6.3948088E+00  3.6349E+02
6.4267828E+00  3.5896E+02
6.4589167E+00  3.5450E+02
6.4912113E+00  3.5009E+02
6.5236674E+00  3.4574E+02
6.5562857E+00  3.4145E+02
6.5890671E+00  3.3722E+02
6.6220125E+00  3.3304E+02
6.6551225E+00  3.2892E+02
6.6883981E+00  3.2485E+02
6.7218401E+00  3.2084E+02
6.7554493E+00  3.1688E+02
6.7892266E+00  3.1297E+02
6.8231727E+00  3.0911E+02
6.8572886E+00  3.0528E+02
6.8915750E+00  3.0149E+02
6.9260329E+00  2.9775E+02
6.9606631E+00  2.9406E+02
6.9954664E+00  2.9042E+02
7.0304437E+00  2.8682E+02
7.0655959E+00  2.8327E+02
7.1009239E+00  2.7977E+02
7.1364285E+00  2.7631E+02
7.1721107E+00  2.7290E+02
7.2079712E+00  2.6953E+02
7.2440111E+00  2.6621E+02
7.2802311E+00  2.6291E+02
7.3166323E+00  2.5965E+02
7.3532155E+00  2.5644E+02
7.3899815E+00  2.5326E+02
7.4269314E+00  2.5013E+02
7.4640661E+00  2.4702E+02
7.5013864E+00  2.4396E+02
7.5388934E+00  2.4094E+02
7.5765878E+00  2.3796E+02
7.6144708E+00  2.3501E+02
7.6525431E+00  2.3210E+02
7.6908058E+00  2.2922E+02
7.7292599E+00  2.2638E+02
7.7679062E+00  2.2357E+02
7.8067457E+00  2.2081E+02
7.8457794E+00  2.1807E+02
7.8850083E+00  2.1538E+02
7.9244334E+00  2.1272E+02
7.9640555E+00  2.1009E+02
8.0038758E+00  2.0750E+02
8.0438952E+00  2.0494E+02
8.0841147E+00  2.0242E+02
8.1245352E+00  1.9993E+02
8.1651579E+00  1.9747E+02
8.2059837E+00  1.9504E+02
8.2470136E+00  1.9265E+02
8.2882487E+00  1.9028E+02
8.3296899E+00  1.8795E+02
8.3713384E+00  1.8564E+02
8.4131951E+00  1.8337E+02
8.4552610E+00  1.8113E+02
8.4975373E+00  1.7891E+02
8.5400250E+00  1.7673E+02
9.030794E+00  1.5356E+02
9.653919E+00  1.2854E+02
1.032004E+01  1.0777E+02
1.103212E+01  9.0191E+01
1.179334E+01  7.5498E+01
1.240435E+01  6.6055E+01
1.259421E+01  6.3468E+01
1.260708E+01  6.3299E+01
1.264484E+01  6.2803E+01
1.272079E+01  1.6178E+02
1.291065E+01  1.5539E+02
1.347697E+01  1.3820E+02
1.440688E+01  1.1508E+02
1.462441E+01  1.1045E+02
1.468320E+01  1.0924E+02
1.477139E+01  1.5098E+02
1.499186E+01  1.4507E+02
1.503977E+01  1.4382E+02
1.526997E+01  1.3805E+02
1.533135E+01  1.3657E+02
1.540095E+01  1.5627E+02
1.542343E+01  1.5569E+02
1.565363E+01  1.4994E+02
1.646362E+01  1.3185E+02
1.759961E+01  1.1092E+02
1.881398E+01  9.3302E+01
2.011215E+01  7.8435E+01
2.149988E+01  6.5913E+01
2.298338E+01  5.5417E+01
2.456923E+01  4.6619E+01
2.626450E+01  3.9212E+01
2.807676E+01  3.2753E+01
3.001405E+01  2.7305E+01
3.208502E+01  2.2715E+01
3.429889E+01  1.8893E+01
3.666551E+01  1.5726E+01
3.919543E+01  1.3101E+01
4.189992E+01  1.0922E+01
4.479101E+01  9.1128E+00
4.788159E+01  7.6090E+00
5.118542E+01  6.3582E+00
5.471721E+01  5.3166E+00
5.849270E+01  4.4386E+00
6.252870E+01  3.7088E+00
6.684318E+01  3.0960E+00
7.145536E+01  2.5767E+00
7.638578E+01  2.1456E+00
8.165640E+01  1.7827E+00
8.381980E+01  1.6543E+00
8.510275E+01  1.5841E+00
8.544487E+01  1.5661E+00
8.595806E+01  7.4619E+00
8.729069E+01  7.1742E+00
9.331374E+01  6.0431E+00
9.975239E+01  5.0830E+00
1.066353E+02  4.2687E+00
1.139931E+02  3.5833E+00
1.218587E+02  3.0067E+00
1.302669E+02  2.5181E+00
1.392553E+02  2.1086E+00
1.488640E+02  1.7656E+00
1.591356E+02  1.4785E+00
1.701159E+02  1.2382E+00
1.818539E+02  1.0368E+00
1.944018E+02  8.6765E-01
2.078156E+02  7.2621E-01
2.221548E+02  6.0788E-01
2.374835E+02  5.0889E-01
2.538699E+02  4.2606E-01
2.713869E+02  3.5674E-01
2.901126E+02  2.9873E-01
3.101304E+02  2.5018E-01
3.315294E+02  2.0953E-01
3.544049E+02  1.7550E-01
3.788588E+02  1.4701E-01
4.050001E+02  1.2316E-01
4.329451E+02  1.0318E-01