Tm (Z = 69) Atomic weight: Ar = 168.9342 g mol-1   Nominal density:   ? (g cm-3) = 9.2940
sigma(barns/atom) = [mue/rho](cm2 g-1)  ×  2.80522E+02
E(eV) [mue/rho](cm2 g-1) = f2(e atom-1)  ×  2.49093E+05
19 edges. Edge energies (keV):
K      5.93896E+01  
L I    1.01157E+01  
L II   9.61690E+00  
L III  8.64800E+00 
M I    2.30680E+00  
M II   2.08980E+00  
M III  1.88450E+00  
M IV   1.51460E+00 
M V    1.46770E+00  
N I    4.71700E-01  
N II   3.85900E-01  
N III  3.36600E-01 
N IV   1.79600E-01  
N V    1.79600E-01  
N VI   5.30000E-03  
N VII  5.30000E-03 
O I    5.32000E-02  
O II   3.23000E-02  
O III  3.23000E-02 
Data
E/keV            [mue/rho]Photoelectric/cm2g-1
5.326500E-03  6.6835E+03
5.406000E-03  6.6095E+03
1.069000E-02  6.0363E+03
1.142761E-02  6.2100E+03
1.221612E-02  6.4167E+03
1.305903E-02  6.6570E+03
1.396010E-02  6.9319E+03
1.492335E-02  7.2425E+03
1.595306E-02  7.5902E+03
1.705382E-02  7.9763E+03
1.823053E-02  8.4026E+03
1.948844E-02  8.8704E+03
2.083314E-02  9.3811E+03
2.227063E-02  9.9352E+03
2.380730E-02  1.0531E+04
2.545001E-02  1.1167E+04
2.720606E-02  1.1843E+04
2.908327E-02  1.2557E+04
3.109002E-02  1.3306E+04
3.165400E-02  1.3514E+04
3.213850E-02  1.3692E+04
3.226770E-02  1.3739E+04
3.246150E-02  1.9625E+05
3.294600E-02  1.8354E+05
3.323523E-02  1.7648E+05
3.552846E-02  1.3180E+05
3.797993E-02  9.9372E+04
4.060054E-02  7.5863E+04
4.340198E-02  5.9323E+04
4.639671E-02  4.7956E+04
4.959809E-02  4.0296E+04
5.213600E-02  3.6314E+04
5.293400E-02  3.5334E+04
5.302035E-02  3.5234E+04
5.314680E-02  3.5091E+04
5.346600E-02  3.4903E+04
5.426400E-02  3.4093E+04
5.667876E-02  3.2134E+04
6.058959E-02  3.0093E+04
6.477028E-02  2.8878E+04
6.923942E-02  2.8215E+04
7.401695E-02  2.7917E+04
7.912411E-02  2.7852E+04
8.458368E-02  2.7931E+04
9.041995E-02  2.8090E+04
9.665893E-02  2.8286E+04
1.0000000E-01  2.8304E+04
1.0050000E-01  2.8230E+04
1.0100250E-01  2.8155E+04
1.0150751E-01  2.8080E+04
1.0201505E-01  2.8005E+04
1.0252513E-01  2.7929E+04
1.0303775E-01  2.7853E+04
1.0355294E-01  2.7776E+04
1.0407070E-01  2.7699E+04
1.0459106E-01  2.7622E+04
1.0511401E-01  2.7545E+04
1.0563958E-01  2.7467E+04
1.0616778E-01  2.7389E+04
1.0669862E-01  2.7311E+04
1.0723211E-01  2.7232E+04
1.0776827E-01  2.7153E+04
1.0830712E-01  2.7073E+04
1.0884865E-01  2.6994E+04
1.0939289E-01  2.6913E+04
1.0993986E-01  2.6833E+04
1.1048956E-01  2.6752E+04
1.1104201E-01  2.6671E+04
1.1159722E-01  2.6589E+04
1.1215520E-01  2.6508E+04
1.1271598E-01  2.6425E+04
1.1327956E-01  2.6343E+04
1.1384596E-01  2.6260E+04
1.1441519E-01  2.6177E+04
1.1498726E-01  2.6093E+04
1.1556220E-01  2.6009E+04
1.1614001E-01  2.5925E+04
1.1672071E-01  2.5841E+04
1.1730431E-01  2.5756E+04
1.1789083E-01  2.5671E+04
1.1848029E-01  2.5585E+04
1.1907269E-01  2.5499E+04
1.1966805E-01  2.5413E+04
1.2026639E-01  2.5327E+04
1.2086772E-01  2.5240E+04
1.2147206E-01  2.5153E+04
1.2207942E-01  2.5066E+04
1.2268982E-01  2.4978E+04
1.2330327E-01  2.4890E+04
1.2391979E-01  2.4802E+04
1.2453939E-01  2.4713E+04
1.2516208E-01  2.4624E+04
1.2578789E-01  2.4535E+04
1.2641683E-01  2.4446E+04
1.2704892E-01  2.4356E+04
1.2768416E-01  2.4266E+04
1.2832258E-01  2.4176E+04
1.2896419E-01  2.4085E+04
1.2960902E-01  2.3994E+04
1.3025706E-01  2.3903E+04
1.3090835E-01  2.3812E+04
1.3156289E-01  2.3720E+04
1.3222070E-01  2.3629E+04
1.3288181E-01  2.3537E+04
1.3354621E-01  2.3444E+04
1.3421395E-01  2.3352E+04
1.3488502E-01  2.3259E+04
1.3555944E-01  2.3166E+04
1.3623724E-01  2.3073E+04
1.3691842E-01  2.2980E+04
1.3760302E-01  2.2886E+04
1.3829103E-01  2.2792E+04
1.3898249E-01  2.2698E+04
1.3967740E-01  2.2604E+04
1.4037579E-01  2.2510E+04
1.4107766E-01  2.2415E+04
1.4178305E-01  2.2320E+04
1.4249197E-01  2.2225E+04
1.4320443E-01  2.2130E+04
1.4392045E-01  2.2035E+04
1.4464005E-01  2.1940E+04
1.4536325E-01  2.1844E+04
1.4609007E-01  2.1748E+04
1.4682052E-01  2.1652E+04
1.4755462E-01  2.1556E+04
1.4829239E-01  2.1460E+04
1.4903386E-01  2.1364E+04
1.4977903E-01  2.1268E+04
1.5052792E-01  2.1171E+04
1.5128056E-01  2.1075E+04
1.5203696E-01  2.0978E+04
1.5279715E-01  2.0881E+04
1.5356113E-01  2.0784E+04
1.5432894E-01  2.0687E+04
1.5510058E-01  2.0590E+04
1.5587609E-01  2.0493E+04
1.5665547E-01  2.0395E+04
1.5743875E-01  2.0298E+04
1.5822594E-01  2.0201E+04
1.5901707E-01  2.0103E+04
1.5981215E-01  2.0006E+04
1.6061121E-01  1.9908E+04
1.6141427E-01  1.9810E+04
1.6222134E-01  1.9713E+04
1.6303245E-01  1.9615E+04
1.6384761E-01  1.9517E+04
1.6466685E-01  1.9420E+04
1.6549018E-01  1.9322E+04
1.6631763E-01  1.9224E+04
1.6714922E-01  1.9126E+04
1.6798497E-01  1.9028E+04
1.6882489E-01  1.8931E+04
1.6966902E-01  1.8833E+04
1.7051736E-01  1.8735E+04
1.7136995E-01  1.8637E+04
1.7222680E-01  1.8540E+04
1.7308793E-01  1.8442E+04
1.7395337E-01  1.8344E+04
1.7482314E-01  1.8247E+04
1.7569726E-01  1.8149E+04
1.7657574E-01  1.8051E+04
1.7745862E-01  1.7954E+04
1.7834591E-01  1.7857E+04
1.7923764E-01  1.7759E+04
1.7946997E-01  1.7734E+04
1.7949044E-01  1.7732E+04
1.7970956E-01  3.5276E+04
1.7973003E-01  3.5251E+04
1.8013383E-01  3.4752E+04
1.8103450E-01  3.3686E+04
1.8193967E-01  3.2675E+04
1.8284937E-01  3.1716E+04
1.8376362E-01  3.0805E+04
1.8468244E-01  2.9941E+04
1.8560585E-01  2.9121E+04
1.8653388E-01  2.8341E+04
1.8746655E-01  2.7601E+04
1.8840388E-01  2.6897E+04
1.8934590E-01  2.6228E+04
1.9029263E-01  2.5591E+04
1.9124409E-01  2.4985E+04
1.9220031E-01  2.4408E+04
1.9316131E-01  2.3859E+04
1.9412712E-01  2.3335E+04
1.9509776E-01  2.2836E+04
1.9607325E-01  2.2360E+04
1.9705361E-01  2.1905E+04
1.9803888E-01  2.1472E+04
1.9902907E-01  2.1064E+04
2.0002422E-01  2.0681E+04
2.0102434E-01  2.0321E+04
2.0202946E-01  1.9982E+04
2.0303961E-01  1.9662E+04
2.0405481E-01  1.9359E+04
2.0507508E-01  1.9071E+04
2.0610046E-01  1.8798E+04
2.0713096E-01  1.8538E+04
2.0816661E-01  1.8291E+04
2.0920745E-01  1.8054E+04
2.1025348E-01  1.7827E+04
2.1130475E-01  1.7610E+04
2.1236128E-01  1.7402E+04
2.1342308E-01  1.7202E+04
2.1449020E-01  1.7009E+04
2.1556265E-01  1.6823E+04
2.1664046E-01  1.6643E+04
2.1772366E-01  1.6469E+04
2.1881228E-01  1.6301E+04
2.1990634E-01  1.6137E+04
2.2100588E-01  1.5979E+04
2.2211090E-01  1.5825E+04
2.2322146E-01  1.5675E+04
2.2433757E-01  1.5529E+04
2.2545925E-01  1.5387E+04
2.2658655E-01  1.5248E+04
2.2771948E-01  1.5113E+04
2.2885808E-01  1.4980E+04
2.3000237E-01  1.4850E+04
2.3115238E-01  1.4723E+04
2.3230814E-01  1.4599E+04
2.3346969E-01  1.4477E+04
2.3463703E-01  1.4357E+04
2.3581022E-01  1.4240E+04
2.3698927E-01  1.4125E+04
2.3817422E-01  1.4011E+04
2.3936509E-01  1.3900E+04
2.4056191E-01  1.3790E+04
2.4176472E-01  1.3682E+04
2.4297355E-01  1.3576E+04
2.4418841E-01  1.3471E+04
2.4540936E-01  1.3368E+04
2.4663640E-01  1.3266E+04
2.4786959E-01  1.3166E+04
2.4910893E-01  1.3067E+04
2.5035448E-01  1.2969E+04
2.5160625E-01  1.2873E+04
2.5286428E-01  1.2778E+04
2.5412860E-01  1.2684E+04
2.5539925E-01  1.2591E+04
2.5667624E-01  1.2499E+04
2.5795962E-01  1.2408E+04
2.5924942E-01  1.2319E+04
2.6054567E-01  1.2230E+04
2.6184840E-01  1.2143E+04
2.6315764E-01  1.2056E+04
2.6447343E-01  1.1970E+04
2.6579579E-01  1.1886E+04
2.6712477E-01  1.1802E+04
2.6846040E-01  1.1719E+04
2.6980270E-01  1.1637E+04
2.7115171E-01  1.1556E+04
2.7250747E-01  1.1475E+04
2.7387001E-01  1.1396E+04
2.7523936E-01  1.1317E+04
2.7661556E-01  1.1239E+04
2.7799863E-01  1.1162E+04
2.7938863E-01  1.1086E+04
2.8078557E-01  1.1010E+04
2.8218950E-01  1.0935E+04
2.8360044E-01  1.0861E+04
2.8501845E-01  1.0788E+04
2.8644354E-01  1.0715E+04
2.8787576E-01  1.0643E+04
2.8931514E-01  1.0572E+04
2.9076171E-01  1.0502E+04
2.9221552E-01  1.0432E+04
2.9367660E-01  1.0363E+04
2.9514498E-01  1.0294E+04
2.9662071E-01  1.0226E+04
2.9810381E-01  1.0159E+04
2.9959433E-01  1.0093E+04
3.0109230E-01  1.0027E+04
3.0259776E-01  9.9615E+03
3.0411075E-01  9.8969E+03
3.0563130E-01  9.8330E+03
3.0715946E-01  9.7696E+03
3.0869526E-01  9.7069E+03
3.1023873E-01  9.6447E+03
3.1178993E-01  9.5832E+03
3.1334888E-01  9.5223E+03
3.1491562E-01  9.4620E+03
3.1649020E-01  9.4022E+03
3.1807265E-01  9.3431E+03
3.1966301E-01  9.2845E+03
3.2126133E-01  9.2265E+03
3.2286764E-01  9.1690E+03
3.2448197E-01  9.1122E+03
3.2610438E-01  9.0559E+03
3.2773491E-01  9.0001E+03
3.2937358E-01  8.9449E+03
3.3102045E-01  8.8902E+03
3.3267555E-01  8.8360E+03
3.3433893E-01  8.7824E+03
3.3601062E-01  8.7294E+03
3.3621965E-01  8.7228E+03
3.3698036E-01  9.5873E+03
3.3769068E-01  9.5646E+03
3.3937913E-01  9.5113E+03
3.4107602E-01  9.4584E+03
3.4278140E-01  9.4061E+03
3.4449531E-01  9.3543E+03
3.4621779E-01  9.3030E+03
3.4794888E-01  9.2522E+03
3.4968862E-01  9.2019E+03
3.5143706E-01  9.1520E+03
3.5319425E-01  9.1027E+03
3.5496022E-01  9.0538E+03
3.5673502E-01  9.0053E+03
3.5851870E-01  8.9574E+03
3.6031129E-01  8.9098E+03
3.6211285E-01  8.8628E+03
3.6392341E-01  8.8161E+03
3.6574303E-01  8.7699E+03
3.6757174E-01  8.7242E+03
3.6940960E-01  8.6788E+03
3.7125665E-01  8.6339E+03
3.7311293E-01  8.5894E+03
3.7497850E-01  8.5452E+03
3.7685339E-01  8.5015E+03
3.7873766E-01  8.4581E+03
3.8063135E-01  8.4151E+03
3.8253450E-01  8.3724E+03
3.8444718E-01  8.3301E+03
3.8540604E-01  8.3091E+03
3.8636941E-01  8.5003E+03
3.8639394E-01  8.4998E+03
3.8830126E-01  8.4588E+03
3.9024276E-01  8.4176E+03
3.9219398E-01  8.3767E+03
3.9415495E-01  8.3361E+03
3.9612572E-01  8.2959E+03
3.9810635E-01  8.2559E+03
4.0009688E-01  8.2163E+03
4.0209737E-01  8.1770E+03
4.0410785E-01  8.1380E+03
4.0612839E-01  8.0992E+03
4.0815904E-01  8.0607E+03
4.1019983E-01  8.0225E+03
4.1225083E-01  7.9846E+03
4.1431208E-01  7.9469E+03
4.1638364E-01  7.9095E+03
4.1846556E-01  7.8724E+03
4.2055789E-01  7.8354E+03
4.2266068E-01  7.7987E+03
4.2477398E-01  7.7623E+03
4.2689785E-01  7.7260E+03
4.2903234E-01  7.6900E+03
4.3117750E-01  7.6542E+03
4.3333339E-01  7.6186E+03
4.3550006E-01  7.5832E+03
4.3767756E-01  7.5480E+03
4.3986595E-01  7.5129E+03
4.4206528E-01  7.4781E+03
4.4427560E-01  7.4434E+03
4.4649698E-01  7.4089E+03
4.4872947E-01  7.3745E+03
4.5097311E-01  7.3404E+03
4.5322798E-01  7.3063E+03
4.5549412E-01  7.2724E+03
4.5777159E-01  7.2387E+03
4.6006045E-01  7.2050E+03
4.6236075E-01  7.1715E+03
4.6467255E-01  7.1382E+03
4.6699592E-01  7.1049E+03
4.6933090E-01  7.0718E+03
4.7099246E-01  7.0484E+03
4.7167755E-01  7.0388E+03
4.7240756E-01  7.3009E+03
4.7403594E-01  7.2777E+03
4.7640612E-01  7.2442E+03
4.7878815E-01  7.2107E+03
4.8118209E-01  7.1773E+03
4.8358800E-01  7.1440E+03
4.8600594E-01  7.1109E+03
4.8843597E-01  7.0777E+03
4.9087815E-01  7.0447E+03
4.9333254E-01  7.0118E+03
4.9579920E-01  6.9789E+03
4.9827820E-01  6.9460E+03
5.0076959E-01  6.9133E+03
5.0327344E-01  6.8806E+03
5.0578980E-01  6.8479E+03
5.0831875E-01  6.8154E+03
5.1086035E-01  6.7828E+03
5.1341465E-01  6.7503E+03
5.1598172E-01  6.7179E+03
5.1856163E-01  6.6855E+03
5.2115444E-01  6.6531E+03
5.2376021E-01  6.6208E+03
5.2637901E-01  6.5884E+03
5.2901091E-01  6.5561E+03
5.3165596E-01  6.5238E+03
5.3431424E-01  6.4916E+03
5.3698581E-01  6.4593E+03
5.3967074E-01  6.4271E+03
5.4236910E-01  6.3948E+03
5.4508094E-01  6.3626E+03
5.4780635E-01  6.3304E+03
5.5054538E-01  6.2982E+03
5.5329810E-01  6.2660E+03
5.5606460E-01  6.2338E+03
5.5884492E-01  6.2016E+03
5.6163914E-01  6.1694E+03
5.6444734E-01  6.1372E+03
5.6726958E-01  6.1051E+03
5.7010592E-01  6.0729E+03
5.7295645E-01  6.0407E+03
5.7582123E-01  6.0086E+03
5.7870034E-01  5.9764E+03
5.8159384E-01  5.9443E+03
5.8450181E-01  5.9121E+03
5.8742432E-01  5.8800E+03
5.9036144E-01  5.8479E+03
5.9331325E-01  5.8157E+03
5.9627982E-01  5.7836E+03
5.9926122E-01  5.7515E+03
6.0225752E-01  5.7194E+03
6.0526881E-01  5.6873E+03
6.0829515E-01  5.6552E+03
6.1133663E-01  5.6231E+03
6.1439331E-01  5.5910E+03
6.1746528E-01  5.5589E+03
6.2055260E-01  5.5268E+03
6.2365537E-01  5.4947E+03
6.2677364E-01  5.4627E+03
6.2990751E-01  5.4307E+03
6.3305705E-01  5.3987E+03
6.3622234E-01  5.3667E+03
6.3940345E-01  5.3347E+03
6.4260046E-01  5.3028E+03
6.4581347E-01  5.2708E+03
6.4904253E-01  5.2390E+03
6.5228775E-01  5.2071E+03
6.5554919E-01  5.1753E+03
6.5882693E-01  5.1435E+03
6.6212107E-01  5.1117E+03
6.6543167E-01  5.0800E+03
6.6875883E-01  5.0483E+03
6.7210262E-01  5.0166E+03
6.7546314E-01  4.9850E+03
6.7884045E-01  4.9535E+03
6.8223466E-01  4.9219E+03
6.8564583E-01  4.8905E+03
6.8907406E-01  4.8590E+03
6.9251943E-01  4.8277E+03
6.9598202E-01  4.7963E+03
6.9946194E-01  4.7651E+03
7.0295924E-01  4.7339E+03
7.0647404E-01  4.7027E+03
7.1000641E-01  4.6716E+03
7.1355644E-01  4.6406E+03
7.1712423E-01  4.6096E+03
7.2070985E-01  4.5787E+03
7.2431340E-01  4.5478E+03
7.2793496E-01  4.5170E+03
7.3157464E-01  4.4862E+03
7.3523251E-01  4.4555E+03
7.3890867E-01  4.4248E+03
7.4260322E-01  4.3942E+03
7.4631623E-01  4.3636E+03
7.5004781E-01  4.3331E+03
7.5379805E-01  4.3026E+03
7.5756704E-01  4.2723E+03
7.6135488E-01  4.2420E+03
7.6516165E-01  4.2118E+03
7.6898746E-01  4.1816E+03
7.7283240E-01  4.1516E+03
7.7669656E-01  4.1216E+03
7.8058004E-01  4.0918E+03
7.8448294E-01  4.0620E+03
7.8840536E-01  4.0323E+03
7.9234738E-01  4.0028E+03
7.9630912E-01  3.9733E+03
8.0029067E-01  3.9439E+03
8.0429212E-01  3.9145E+03
8.0831358E-01  3.8853E+03
8.1235515E-01  3.8562E+03
8.1641693E-01  3.8272E+03
8.2049901E-01  3.7983E+03
8.2460150E-01  3.7695E+03
8.2872451E-01  3.7409E+03
8.3286813E-01  3.7124E+03
8.3703248E-01  3.6840E+03
8.4121764E-01  3.6558E+03
8.4542373E-01  3.6277E+03
8.4965084E-01  3.5997E+03
8.5389910E-01  3.5719E+03
8.5816859E-01  3.5442E+03
8.6245944E-01  3.5167E+03
8.6677173E-01  3.4893E+03
8.7110559E-01  3.4621E+03
8.7546112E-01  3.4350E+03
8.7983843E-01  3.4080E+03
8.8423762E-01  3.3812E+03
8.8865881E-01  3.3546E+03
8.9310210E-01  3.3281E+03
8.9756761E-01  3.3018E+03
9.0205545E-01  3.2756E+03
9.0656573E-01  3.2496E+03
9.1109856E-01  3.2237E+03
9.1565405E-01  3.1980E+03
9.2023232E-01  3.1725E+03
9.2483348E-01  3.1471E+03
9.2945765E-01  3.1219E+03
9.3410494E-01  3.0968E+03
9.3877546E-01  3.0720E+03
9.4346934E-01  3.0472E+03
9.4818668E-01  3.0227E+03
9.5292762E-01  2.9983E+03
9.5769226E-01  2.9741E+03
9.6248072E-01  2.9500E+03
9.6729312E-01  2.9261E+03
9.7212959E-01  2.9024E+03
9.7699023E-01  2.8788E+03
9.8187519E-01  2.8555E+03
9.8678456E-01  2.8322E+03
9.9171848E-01  2.8092E+03
9.9667708E-01  2.7863E+03
1.0016605E+00  2.7608E+03
1.0066688E+00  2.7302E+03
1.0117021E+00  2.6999E+03
1.0167606E+00  2.6699E+03
1.0218444E+00  2.6404E+03
1.0269536E+00  2.6111E+03
1.0320884E+00  2.5823E+03
1.0372489E+00  2.5537E+03
1.0424351E+00  2.5255E+03
1.0476473E+00  2.4977E+03
1.0528855E+00  2.4702E+03
1.0581499E+00  2.4430E+03
1.0634407E+00  2.4161E+03
1.0687579E+00  2.3895E+03
1.0741017E+00  2.3633E+03
1.0794722E+00  2.3374E+03
1.0848695E+00  2.3118E+03
1.0902939E+00  2.2865E+03
1.0957454E+00  2.2614E+03
1.1012241E+00  2.2367E+03
1.1067302E+00  2.2123E+03
1.1122639E+00  2.1881E+03
1.1178252E+00  2.1643E+03
1.1234143E+00  2.1407E+03
1.1290314E+00  2.1174E+03
1.1346765E+00  2.0944E+03
1.1403499E+00  2.0716E+03
1.1460517E+00  2.0492E+03
1.1517819E+00  2.0269E+03
1.1575408E+00  2.0050E+03
1.1633285E+00  1.9833E+03
1.1691452E+00  1.9618E+03
1.1749909E+00  1.9406E+03
1.1808659E+00  1.9197E+03
1.1867702E+00  1.8989E+03
1.1927040E+00  1.8785E+03
1.1986676E+00  1.8582E+03
1.2046609E+00  1.8383E+03
1.2106842E+00  1.8185E+03
1.2167376E+00  1.7990E+03
1.2228213E+00  1.7797E+03
1.2289354E+00  1.7606E+03
1.2350801E+00  1.7417E+03
1.2412555E+00  1.7231E+03
1.2474618E+00  1.7046E+03
1.2536991E+00  1.6864E+03
1.2599676E+00  1.6684E+03
1.2662674E+00  1.6506E+03
1.2725988E+00  1.6330E+03
1.2789618E+00  1.6157E+03
1.2853566E+00  1.5985E+03
1.2917833E+00  1.5815E+03
1.2982423E+00  1.5647E+03
1.3047335E+00  1.5481E+03
1.3112571E+00  1.5317E+03
1.3178134E+00  1.5155E+03
1.3244025E+00  1.4994E+03
1.3310245E+00  1.4836E+03
1.3376796E+00  1.4679E+03
1.3443680E+00  1.4524E+03
1.3510899E+00  1.4369E+03
1.3578453E+00  1.4214E+03
1.3646345E+00  1.4062E+03
1.3714577E+00  1.3911E+03
1.3783150E+00  1.3761E+03
1.3852066E+00  1.3614E+03
1.3921326E+00  1.3468E+03
1.3990933E+00  1.3324E+03
1.4060887E+00  1.3182E+03
1.4131192E+00  1.3041E+03
1.4201848E+00  1.2902E+03
1.4272857E+00  1.2764E+03
1.4344221E+00  1.2628E+03
1.4415942E+00  1.2494E+03
1.4488022E+00  1.2361E+03
1.4560462E+00  1.2229E+03
1.4633265E+00  1.2100E+03
1.4674798E+00  1.2026E+03
1.4679202E+00  4.5152E+03
1.4706431E+00  4.4940E+03
1.4779963E+00  4.4373E+03
1.4853863E+00  4.3813E+03
1.4928132E+00  4.3261E+03
1.5002773E+00  4.2716E+03
1.5077787E+00  4.2177E+03
1.5141684E+00  4.1727E+03
1.5150317E+00  6.2633E+03
1.5153176E+00  6.2603E+03
1.5228942E+00  6.1807E+03
1.5305086E+00  6.1020E+03
1.5381612E+00  6.0244E+03
1.5458520E+00  5.9478E+03
1.5535812E+00  5.8721E+03
1.5613491E+00  5.7973E+03
1.5691559E+00  5.7235E+03
1.5770017E+00  5.6507E+03
1.5848867E+00  5.5788E+03
1.5928111E+00  5.5078E+03
1.6007752E+00  5.4378E+03
1.6087790E+00  5.3686E+03
1.6168229E+00  5.3004E+03
1.6249070E+00  5.2330E+03
1.6330316E+00  5.1665E+03
1.6411967E+00  5.1009E+03
1.6494027E+00  5.0361E+03
1.6576497E+00  4.9721E+03
1.6659380E+00  4.9090E+03
1.6742677E+00  4.8467E+03
1.6826390E+00  4.7851E+03
1.6910522E+00  4.7244E+03
1.6995075E+00  4.6645E+03
1.7080050E+00  4.6053E+03
1.7165450E+00  4.5469E+03
1.7251278E+00  4.4893E+03
1.7337534E+00  4.4324E+03
1.7424222E+00  4.3762E+03
1.7511343E+00  4.3208E+03
1.7598899E+00  4.2660E+03
1.7686894E+00  4.2120E+03
1.7775328E+00  4.1587E+03
1.7864205E+00  4.1060E+03
1.7953526E+00  4.0540E+03
1.8043294E+00  4.0027E+03
1.8133510E+00  3.9521E+03
1.8224178E+00  3.9021E+03
1.8315299E+00  3.8528E+03
1.8406875E+00  3.8041E+03
1.8498909E+00  3.7560E+03
1.8591404E+00  3.7085E+03
1.8684361E+00  3.6617E+03
1.8777783E+00  3.6154E+03
1.8824082E+00  3.5928E+03
1.8865918E+00  4.1942E+03
1.8871672E+00  4.1908E+03
1.8966030E+00  4.1355E+03
1.9060860E+00  4.0811E+03
1.9156165E+00  4.0272E+03
1.9251945E+00  3.9740E+03
1.9348205E+00  3.9215E+03
1.9444946E+00  3.8698E+03
1.9542171E+00  3.8187E+03
1.9639882E+00  3.7683E+03
1.9738081E+00  3.7185E+03
1.9836772E+00  3.6711E+03
1.9935955E+00  3.6253E+03
2.0035635E+00  3.5802E+03
2.0135813E+00  3.5359E+03
2.0236492E+00  3.4922E+03
2.0337675E+00  3.4493E+03
2.0439363E+00  3.4070E+03
2.0541560E+00  3.3654E+03
2.0644268E+00  3.3244E+03
2.0747489E+00  3.2840E+03
2.0851227E+00  3.2442E+03
2.0874384E+00  3.2354E+03
2.0921614E+00  3.4437E+03
2.0955483E+00  3.4298E+03
2.1060260E+00  3.3872E+03
2.1165562E+00  3.3453E+03
2.1271389E+00  3.3040E+03
2.1377746E+00  3.2632E+03
2.1484635E+00  3.2231E+03
2.1592058E+00  3.1835E+03
2.1700018E+00  3.1445E+03
2.1808519E+00  3.1061E+03
2.1917561E+00  3.0681E+03
2.2027149E+00  3.0319E+03
2.2137285E+00  2.9964E+03
2.2247971E+00  2.9614E+03
2.2359211E+00  2.9269E+03
2.2471007E+00  2.8930E+03
2.2583362E+00  2.8595E+03
2.2696279E+00  2.8265E+03
2.2809760E+00  2.7940E+03
2.2923809E+00  2.7620E+03
2.3022094E+00  2.7348E+03
2.3038428E+00  2.7304E+03
2.3113904E+00  2.8370E+03
2.3153620E+00  2.8259E+03
2.3269388E+00  2.7939E+03
2.3385735E+00  2.7624E+03
2.3502664E+00  2.7313E+03
2.3620177E+00  2.7006E+03
2.3738278E+00  2.6702E+03
2.3856970E+00  2.6403E+03
2.3976254E+00  2.6107E+03
2.4096136E+00  2.5815E+03
2.4216616E+00  2.5526E+03
2.4337699E+00  2.5242E+03
2.4459388E+00  2.4962E+03
2.4581685E+00  2.4682E+03
2.4704593E+00  2.4403E+03
2.4828116E+00  2.4127E+03
2.4952257E+00  2.3855E+03
2.5077018E+00  2.3586E+03
2.5202403E+00  2.3320E+03
2.5328415E+00  2.3057E+03
2.5455057E+00  2.2797E+03
2.5582333E+00  2.2541E+03
2.5710244E+00  2.2287E+03
2.5838796E+00  2.2036E+03
2.5967990E+00  2.1788E+03
2.6097829E+00  2.1543E+03
2.6228319E+00  2.1300E+03
2.6359460E+00  2.1061E+03
2.6491257E+00  2.0824E+03
2.6623714E+00  2.0589E+03
2.6756832E+00  2.0358E+03
2.6890617E+00  2.0129E+03
2.7025070E+00  1.9902E+03
2.7160195E+00  1.9678E+03
2.7295996E+00  1.9454E+03
2.7432476E+00  1.9233E+03
2.7569638E+00  1.9014E+03
2.7707486E+00  1.8798E+03
2.7846024E+00  1.8585E+03
2.7985254E+00  1.8373E+03
2.8125180E+00  1.8164E+03
2.8265806E+00  1.7958E+03
2.8407135E+00  1.7753E+03
2.8549171E+00  1.7552E+03
2.8691917E+00  1.7352E+03
2.8835376E+00  1.7155E+03
2.8979553E+00  1.6960E+03
2.9124451E+00  1.6767E+03
2.9270073E+00  1.6576E+03
2.9416424E+00  1.6387E+03
2.9563506E+00  1.6198E+03
2.9711323E+00  1.6012E+03
2.9859880E+00  1.5827E+03
3.0009179E+00  1.5644E+03
3.0159225E+00  1.5448E+03
3.0310021E+00  1.5254E+03
3.0461571E+00  1.5059E+03
3.0613879E+00  1.4867E+03
3.0766949E+00  1.4677E+03
3.0920783E+00  1.4490E+03
3.1075387E+00  1.4306E+03
3.1230764E+00  1.4124E+03
3.1386918E+00  1.3944E+03
3.1543853E+00  1.3767E+03
3.1701572E+00  1.3592E+03
3.1860080E+00  1.3420E+03
3.2019380E+00  1.3250E+03
3.2179477E+00  1.3082E+03
3.2340374E+00  1.2917E+03
3.2502076E+00  1.2754E+03
3.2664587E+00  1.2593E+03
3.2827910E+00  1.2434E+03
3.2992049E+00  1.2277E+03
3.3157009E+00  1.2123E+03
3.3322794E+00  1.1970E+03
3.3489408E+00  1.1820E+03
3.3656856E+00  1.1671E+03
3.3825140E+00  1.1524E+03
3.3994265E+00  1.1378E+03
3.4164237E+00  1.1234E+03
3.4335058E+00  1.1091E+03
3.4506733E+00  1.0951E+03
3.4679267E+00  1.0813E+03
3.4852663E+00  1.0676E+03
3.5026927E+00  1.0542E+03
3.5202061E+00  1.0409E+03
3.5378072E+00  1.0278E+03
3.5554962E+00  1.0149E+03
3.5732737E+00  1.0021E+03
3.5911400E+00  9.8953E+02
3.6090957E+00  9.7712E+02
3.6271412E+00  9.6488E+02
3.6452769E+00  9.5280E+02
3.6635033E+00  9.4088E+02
3.6818208E+00  9.2912E+02
3.7002299E+00  9.1752E+02
3.7187311E+00  9.0607E+02
3.7373247E+00  8.9478E+02
3.7560114E+00  8.8363E+02
3.7747914E+00  8.7255E+02
3.7936654E+00  8.6143E+02
3.8126337E+00  8.5045E+02
3.8316969E+00  8.3962E+02
3.8508554E+00  8.2894E+02
3.8701096E+00  8.1840E+02
3.8894602E+00  8.0800E+02
3.9089075E+00  7.9775E+02
3.9284520E+00  7.8763E+02
3.9480943E+00  7.7764E+02
3.9678347E+00  7.6780E+02
3.9876739E+00  7.5808E+02
4.055024E+00  7.2639E+02
4.334821E+00  6.1242E+02
4.633924E+00  5.1638E+02
4.953664E+00  4.3547E+02
5.295467E+00  3.6773E+02
5.660855E+00  3.1093E+02
6.051453E+00  2.6325E+02
6.469004E+00  2.2289E+02
6.915365E+00  1.8799E+02
7.392525E+00  1.5874E+02
7.902609E+00  1.3423E+02
8.447890E+00  1.1345E+02
8.475040E+00  1.1253E+02
8.604760E+00  1.0828E+02
8.639352E+00  1.0719E+02
8.691240E+00  2.9860E+02
8.820960E+00  2.8234E+02
9.030794E+00  2.6340E+02
9.424561E+00  2.3796E+02
9.568814E+00  2.2953E+02
9.607282E+00  2.2732E+02
9.653919E+00  3.1235E+02
9.664983E+00  3.1138E+02
9.809237E+00  2.9899E+02
9.913386E+00  2.9027E+02
1.006512E+01  2.7786E+02
1.010558E+01  2.7466E+02
1.016628E+01  3.1189E+02
1.032004E+01  2.9949E+02
1.103212E+01  2.4828E+02
1.179334E+01  2.0762E+02
1.260708E+01  1.7459E+02
1.347697E+01  1.4646E+02
1.440688E+01  1.2280E+02
1.540095E+01  1.0296E+02
1.646362E+01  8.6362E+01
1.759961E+01  7.2410E+01
1.881398E+01  6.0607E+01
2.011215E+01  5.0732E+01
2.149988E+01  4.2402E+01
2.298338E+01  3.5463E+01
2.456923E+01  2.9686E+01
2.626450E+01  2.4871E+01
2.807676E+01  2.0687E+01
3.001405E+01  1.7177E+01
3.208502E+01  1.4273E+01
3.429889E+01  1.1869E+01
3.666551E+01  9.8791E+00
3.919543E+01  8.2156E+00
4.189992E+01  6.8299E+00
4.479101E+01  5.6671E+00
4.788159E+01  4.6906E+00
5.118542E+01  3.8834E+00
5.471721E+01  3.2165E+00
5.820181E+01  2.7038E+00
5.849270E+01  2.6662E+00
5.909265E+01  2.5909E+00
5.933021E+01  2.5619E+00
5.968655E+01  1.3682E+01
6.057739E+01  1.3179E+01
6.252870E+01  1.2162E+01
6.684318E+01  1.0217E+01
7.145536E+01  8.5696E+00
7.638578E+01  7.1865E+00
8.165640E+01  6.0174E+00
8.729069E+01  5.0217E+00
9.331374E+01  4.1914E+00
9.975239E+01  3.4988E+00
1.066353E+02  2.9211E+00
1.139931E+02  2.4390E+00
1.218587E+02  2.0334E+00
1.302669E+02  1.6909E+00
1.392553E+02  1.4063E+00
1.488640E+02  1.1696E+00
1.591356E+02  9.7292E-01
1.701159E+02  8.0936E-01
1.818539E+02  6.7336E-01
1.944018E+02  5.6025E-01
2.078156E+02  4.6619E-01
2.221548E+02  3.8795E-01
2.374835E+02  3.2286E-01
2.538699E+02  2.6871E-01
2.713869E+02  2.2474E-01
2.901126E+02  1.8821E-01
3.101304E+02  1.5763E-01
3.315294E+02  1.3203E-01
3.544049E+02  1.1059E-01
3.788588E+02  9.2641E-02
4.050001E+02  7.7609E-02
4.329451E+02  6.5020E-02