W (Z = 74) Atomic weight: Ar = 183.8500 g mol-1   Nominal density:   ? (g cm-3) = 1.9300E+01
sigma(barns/atom) = [mue/rho](cm2 g-1)  ×  3.05290E+02
E(eV) [mue/rho](cm2 g-1) = f2(e atom-1)  ×  2.28884E+05
20 edges. Edge energies (keV):
K      6.95250E+01  
L I    1.20998E+01  
L II   1.15440E+01  
L III  1.02068E+01 
M I    2.81960E+00  
M II   2.57490E+00  
M III  2.28100E+00  
M IV   1.87160E+00 
M V    1.80920E+00  
N I    5.95000E-01  
N II   4.91600E-01  
N III  4.25300E-01 
N IV   2.58800E-01  
N V    2.45400E-01  
N VI   3.65000E-02  
N VII  3.36000E-02 
O I    7.71000E-02  
O II   4.68000E-02  
O III  3.56000E-02  
O IV   6.10000E-03 
Data
E/keV            [mue/rho]Photoelectric/cm2g-1
6.130500E-03  4.7191E+04
6.222000E-03  4.6237E+04
1.069000E-02  6.0149E+04
1.142761E-02  6.6397E+04
1.221612E-02  7.2486E+04
1.305903E-02  7.7928E+04
1.396010E-02  8.2236E+04
1.492335E-02  8.4987E+04
1.595306E-02  8.5881E+04
1.705382E-02  8.4786E+04
1.823053E-02  8.1755E+04
1.948844E-02  7.7013E+04
2.083314E-02  7.0918E+04
2.227063E-02  6.3904E+04
2.380730E-02  5.6419E+04
2.545001E-02  4.8864E+04
2.720606E-02  4.1553E+04
2.908327E-02  3.4775E+04
3.109002E-02  2.8709E+04
3.292800E-02  2.4120E+04
3.323523E-02  2.3434E+04
3.343200E-02  2.3006E+04
3.356640E-02  2.2719E+04
3.376800E-02  2.5354E+04
3.427200E-02  2.4172E+04
3.488800E-02  2.2813E+04
3.542200E-02  2.1707E+04
3.552846E-02  2.1494E+04
3.556440E-02  2.1422E+04
3.577000E-02  5.3789E+04
3.577800E-02  5.3753E+04
3.631750E-02  5.1413E+04
3.646350E-02  5.0802E+04
3.668250E-02  5.1821E+04
3.723000E-02  4.9573E+04
3.797993E-02  4.6708E+04
4.060054E-02  3.8241E+04
4.340198E-02  3.0999E+04
4.586400E-02  2.5971E+04
4.639671E-02  2.5028E+04
4.656600E-02  2.4738E+04
4.675320E-02  2.4424E+04
4.703400E-02  3.6197E+04
4.773600E-02  3.4788E+04
4.959809E-02  3.1454E+04
5.302035E-02  2.6559E+04
5.667876E-02  2.2375E+04
6.058959E-02  1.8932E+04
6.477028E-02  1.6286E+04
6.923942E-02  1.4416E+04
7.401695E-02  1.3255E+04
7.555800E-02  1.3025E+04
7.671450E-02  1.2892E+04
7.702290E-02  1.2862E+04
7.748550E-02  1.3002E+04
7.864200E-02  1.2920E+04
7.912411E-02  1.2894E+04
8.458368E-02  1.2877E+04
9.041995E-02  1.3288E+04
9.665893E-02  1.4041E+04
1.0000000E-01  1.4528E+04
1.0050000E-01  1.4605E+04
1.0100250E-01  1.4683E+04
1.0150751E-01  1.4761E+04
1.0201505E-01  1.4841E+04
1.0252513E-01  1.4922E+04
1.0303775E-01  1.5004E+04
1.0355294E-01  1.5087E+04
1.0407070E-01  1.5171E+04
1.0459106E-01  1.5256E+04
1.0511401E-01  1.5341E+04
1.0563958E-01  1.5428E+04
1.0616778E-01  1.5515E+04
1.0669862E-01  1.5603E+04
1.0723211E-01  1.5692E+04
1.0776827E-01  1.5782E+04
1.0830712E-01  1.5872E+04
1.0884865E-01  1.5963E+04
1.0939289E-01  1.6055E+04
1.0993986E-01  1.6147E+04
1.1048956E-01  1.6240E+04
1.1104201E-01  1.6333E+04
1.1159722E-01  1.6426E+04
1.1215520E-01  1.6521E+04
1.1271598E-01  1.6615E+04
1.1327956E-01  1.6710E+04
1.1384596E-01  1.6806E+04
1.1441519E-01  1.6901E+04
1.1498726E-01  1.6998E+04
1.1556220E-01  1.7096E+04
1.1614001E-01  1.7193E+04
1.1672071E-01  1.7291E+04
1.1730431E-01  1.7389E+04
1.1789083E-01  1.7487E+04
1.1848029E-01  1.7585E+04
1.1907269E-01  1.7683E+04
1.1966805E-01  1.7781E+04
1.2026639E-01  1.7880E+04
1.2086772E-01  1.7978E+04
1.2147206E-01  1.8076E+04
1.2207942E-01  1.8173E+04
1.2268982E-01  1.8271E+04
1.2330327E-01  1.8369E+04
1.2391979E-01  1.8466E+04
1.2453939E-01  1.8563E+04
1.2516208E-01  1.8660E+04
1.2578789E-01  1.8756E+04
1.2641683E-01  1.8852E+04
1.2704892E-01  1.8948E+04
1.2768416E-01  1.9044E+04
1.2832258E-01  1.9138E+04
1.2896419E-01  1.9233E+04
1.2960902E-01  1.9327E+04
1.3025706E-01  1.9420E+04
1.3090835E-01  1.9513E+04
1.3156289E-01  1.9606E+04
1.3222070E-01  1.9698E+04
1.3288181E-01  1.9789E+04
1.3354621E-01  1.9879E+04
1.3421395E-01  1.9969E+04
1.3488502E-01  2.0058E+04
1.3555944E-01  2.0146E+04
1.3623724E-01  2.0233E+04
1.3691842E-01  2.0319E+04
1.3760302E-01  2.0403E+04
1.3829103E-01  2.0487E+04
1.3898249E-01  2.0569E+04
1.3967740E-01  2.0650E+04
1.4037579E-01  2.0730E+04
1.4107766E-01  2.0809E+04
1.4178305E-01  2.0886E+04
1.4249197E-01  2.0963E+04
1.4320443E-01  2.1037E+04
1.4392045E-01  2.1111E+04
1.4464005E-01  2.1183E+04
1.4536325E-01  2.1254E+04
1.4609007E-01  2.1323E+04
1.4682052E-01  2.1391E+04
1.4755462E-01  2.1458E+04
1.4829239E-01  2.1522E+04
1.4903386E-01  2.1585E+04
1.4977903E-01  2.1647E+04
1.5052792E-01  2.1706E+04
1.5128056E-01  2.1764E+04
1.5203696E-01  2.1820E+04
1.5279715E-01  2.1875E+04
1.5356113E-01  2.1927E+04
1.5432894E-01  2.1978E+04
1.5510058E-01  2.2028E+04
1.5587609E-01  2.2075E+04
1.5665547E-01  2.2121E+04
1.5743875E-01  2.2165E+04
1.5822594E-01  2.2207E+04
1.5901707E-01  2.2247E+04
1.5981215E-01  2.2286E+04
1.6061121E-01  2.2323E+04
1.6141427E-01  2.2358E+04
1.6222134E-01  2.2391E+04
1.6303245E-01  2.2423E+04
1.6384761E-01  2.2453E+04
1.6466685E-01  2.2481E+04
1.6549018E-01  2.2507E+04
1.6631763E-01  2.2531E+04
1.6714922E-01  2.2554E+04
1.6798497E-01  2.2575E+04
1.6882489E-01  2.2594E+04
1.6966902E-01  2.2611E+04
1.7051736E-01  2.2627E+04
1.7136995E-01  2.2641E+04
1.7222680E-01  2.2653E+04
1.7308793E-01  2.2663E+04
1.7395337E-01  2.2672E+04
1.7482314E-01  2.2679E+04
1.7569726E-01  2.2684E+04
1.7657574E-01  2.2687E+04
1.7745862E-01  2.2689E+04
1.7834591E-01  2.2689E+04
1.7923764E-01  2.2688E+04
1.8013383E-01  2.2685E+04
1.8103450E-01  2.2680E+04
1.8193967E-01  2.2673E+04
1.8284937E-01  2.2665E+04
1.8376362E-01  2.2655E+04
1.8468244E-01  2.2644E+04
1.8560585E-01  2.2631E+04
1.8653388E-01  2.2616E+04
1.8746655E-01  2.2600E+04
1.8840388E-01  2.2583E+04
1.8934590E-01  2.2564E+04
1.9029263E-01  2.2543E+04
1.9124409E-01  2.2521E+04
1.9220031E-01  2.2497E+04
1.9316131E-01  2.2472E+04
1.9412712E-01  2.2445E+04
1.9509776E-01  2.2417E+04
1.9607325E-01  2.2388E+04
1.9705361E-01  2.2357E+04
1.9803888E-01  2.2325E+04
1.9902907E-01  2.2291E+04
2.0002422E-01  2.2256E+04
2.0102434E-01  2.2220E+04
2.0202946E-01  2.2183E+04
2.0303961E-01  2.2144E+04
2.0405481E-01  2.2104E+04
2.0507508E-01  2.2062E+04
2.0610046E-01  2.2020E+04
2.0713096E-01  2.1976E+04
2.0816661E-01  2.1931E+04
2.0920745E-01  2.1885E+04
2.1025348E-01  2.1837E+04
2.1130475E-01  2.1789E+04
2.1236128E-01  2.1739E+04
2.1342308E-01  2.1688E+04
2.1449020E-01  2.1636E+04
2.1556265E-01  2.1583E+04
2.1664046E-01  2.1529E+04
2.1772366E-01  2.1474E+04
2.1881228E-01  2.1418E+04
2.1990634E-01  2.1361E+04
2.2100588E-01  2.1303E+04
2.2211090E-01  2.1245E+04
2.2322146E-01  2.1185E+04
2.2433757E-01  2.1124E+04
2.2545925E-01  2.1062E+04
2.2658655E-01  2.1000E+04
2.2771948E-01  2.0936E+04
2.2885808E-01  2.0872E+04
2.3000237E-01  2.0807E+04
2.3115238E-01  2.0741E+04
2.3230814E-01  2.0675E+04
2.3346969E-01  2.0608E+04
2.3463703E-01  2.0539E+04
2.3581022E-01  2.0471E+04
2.3698927E-01  2.0401E+04
2.3817422E-01  2.0331E+04
2.3936509E-01  2.0260E+04
2.4056191E-01  2.0189E+04
2.4176472E-01  2.0117E+04
2.4297355E-01  2.0044E+04
2.4418841E-01  1.9971E+04
2.4521055E-01  1.9908E+04
2.4540936E-01  2.0879E+04
2.4558945E-01  2.0866E+04
2.4663640E-01  2.0791E+04
2.4786959E-01  2.0700E+04
2.4910893E-01  2.0608E+04
2.5035448E-01  2.0515E+04
2.5160625E-01  2.0421E+04
2.5286428E-01  2.0327E+04
2.5412860E-01  2.0233E+04
2.5539925E-01  2.0138E+04
2.5667624E-01  2.0042E+04
2.5795962E-01  1.9946E+04
2.5859581E-01  1.9898E+04
2.5900419E-01  2.0574E+04
2.5924942E-01  2.0554E+04
2.6054567E-01  2.0450E+04
2.6184840E-01  2.0345E+04
2.6315764E-01  2.0240E+04
2.6447343E-01  2.0134E+04
2.6579579E-01  2.0028E+04
2.6712477E-01  1.9922E+04
2.6846040E-01  1.9816E+04
2.6980270E-01  1.9709E+04
2.7115171E-01  1.9602E+04
2.7250747E-01  1.9495E+04
2.7387001E-01  1.9388E+04
2.7523936E-01  1.9281E+04
2.7661556E-01  1.9175E+04
2.7799863E-01  1.9068E+04
2.7938863E-01  1.8961E+04
2.8078557E-01  1.8855E+04
2.8218950E-01  1.8749E+04
2.8360044E-01  1.8642E+04
2.8501845E-01  1.8536E+04
2.8644354E-01  1.8430E+04
2.8787576E-01  1.8325E+04
2.8931514E-01  1.8220E+04
2.9076171E-01  1.8115E+04
2.9221552E-01  1.8011E+04
2.9367660E-01  1.7906E+04
2.9514498E-01  1.7803E+04
2.9662071E-01  1.7700E+04
2.9810381E-01  1.7597E+04
2.9959433E-01  1.7494E+04
3.0109230E-01  1.7392E+04
3.0259776E-01  1.7290E+04
3.0411075E-01  1.7188E+04
3.0563130E-01  1.7087E+04
3.0715946E-01  1.6986E+04
3.0869526E-01  1.6886E+04
3.1023873E-01  1.6785E+04
3.1178993E-01  1.6686E+04
3.1334888E-01  1.6586E+04
3.1491562E-01  1.6487E+04
3.1649020E-01  1.6388E+04
3.1807265E-01  1.6290E+04
3.1966301E-01  1.6192E+04
3.2126133E-01  1.6094E+04
3.2286764E-01  1.5997E+04
3.2448197E-01  1.5900E+04
3.2610438E-01  1.5803E+04
3.2773491E-01  1.5707E+04
3.2937358E-01  1.5611E+04
3.3102045E-01  1.5516E+04
3.3267555E-01  1.5421E+04
3.3433893E-01  1.5326E+04
3.3601062E-01  1.5232E+04
3.3769068E-01  1.5138E+04
3.3937913E-01  1.5045E+04
3.4107602E-01  1.4952E+04
3.4278140E-01  1.4859E+04
3.4449531E-01  1.4767E+04
3.4621779E-01  1.4675E+04
3.4794888E-01  1.4584E+04
3.4968862E-01  1.4493E+04
3.5143706E-01  1.4403E+04
3.5319425E-01  1.4313E+04
3.5496022E-01  1.4223E+04
3.5673502E-01  1.4134E+04
3.5851870E-01  1.4045E+04
3.6031129E-01  1.3957E+04
3.6211285E-01  1.3869E+04
3.6392341E-01  1.3781E+04
3.6574303E-01  1.3694E+04
3.6757174E-01  1.3608E+04
3.6940960E-01  1.3521E+04
3.7125665E-01  1.3436E+04
3.7311293E-01  1.3351E+04
3.7497850E-01  1.3266E+04
3.7685339E-01  1.3181E+04
3.7873766E-01  1.3098E+04
3.8063135E-01  1.3014E+04
3.8253450E-01  1.2931E+04
3.8444718E-01  1.2849E+04
3.8636941E-01  1.2767E+04
3.8830126E-01  1.2685E+04
3.9024276E-01  1.2604E+04
3.9219398E-01  1.2523E+04
3.9415495E-01  1.2443E+04
3.9612572E-01  1.2363E+04
3.9810635E-01  1.2284E+04
4.0009688E-01  1.2205E+04
4.0209737E-01  1.2127E+04
4.0410785E-01  1.2049E+04
4.0612839E-01  1.1972E+04
4.0815904E-01  1.1895E+04
4.1019983E-01  1.1818E+04
4.1225083E-01  1.1742E+04
4.1431208E-01  1.1666E+04
4.1638364E-01  1.1591E+04
4.1846556E-01  1.1516E+04
4.2055789E-01  1.1442E+04
4.2266068E-01  1.1368E+04
4.2477398E-01  1.1295E+04
4.2477688E-01  1.1295E+04
4.2582312E-01  1.2032E+04
4.2689785E-01  1.1994E+04
4.2903234E-01  1.1920E+04
4.3117750E-01  1.1846E+04
4.3333339E-01  1.1772E+04
4.3550006E-01  1.1699E+04
4.3767756E-01  1.1626E+04
4.3986595E-01  1.1554E+04
4.4206528E-01  1.1482E+04
4.4427560E-01  1.1411E+04
4.4649698E-01  1.1340E+04
4.4872947E-01  1.1270E+04
4.5097311E-01  1.1200E+04
4.5322798E-01  1.1130E+04
4.5549412E-01  1.1061E+04
4.5777159E-01  1.0992E+04
4.6006045E-01  1.0924E+04
4.6236075E-01  1.0856E+04
4.6467255E-01  1.0788E+04
4.6699592E-01  1.0721E+04
4.6933090E-01  1.0655E+04
4.7167755E-01  1.0588E+04
4.7403594E-01  1.0522E+04
4.7640612E-01  1.0457E+04
4.7878815E-01  1.0392E+04
4.8118209E-01  1.0327E+04
4.8358800E-01  1.0262E+04
4.8600594E-01  1.0198E+04
4.8843597E-01  1.0135E+04
4.9087815E-01  1.0071E+04
4.9092160E-01  1.0070E+04
4.9227841E-01  1.0200E+04
4.9333254E-01  1.0173E+04
4.9579920E-01  1.0110E+04
4.9827820E-01  1.0048E+04
5.0076959E-01  9.9860E+03
5.0327344E-01  9.9244E+03
5.0578980E-01  9.8631E+03
5.0831875E-01  9.8022E+03
5.1086035E-01  9.7416E+03
5.1341465E-01  9.6814E+03
5.1598172E-01  9.6215E+03
5.1856163E-01  9.5619E+03
5.2115444E-01  9.5026E+03
5.2376021E-01  9.4437E+03
5.2637901E-01  9.3851E+03
5.2901091E-01  9.3268E+03
5.3165596E-01  9.2688E+03
5.3431424E-01  9.2111E+03
5.3698581E-01  9.1537E+03
5.3967074E-01  9.0966E+03
5.4236910E-01  9.0398E+03
5.4508094E-01  8.9834E+03
5.4780635E-01  8.9272E+03
5.5054538E-01  8.8713E+03
5.5329810E-01  8.8156E+03
5.5606460E-01  8.7603E+03
5.5884492E-01  8.7053E+03
5.6163914E-01  8.6505E+03
5.6444734E-01  8.5960E+03
5.6726958E-01  8.5418E+03
5.7010592E-01  8.4878E+03
5.7295645E-01  8.4341E+03
5.7582123E-01  8.3807E+03
5.7870034E-01  8.3275E+03
5.8159384E-01  8.2746E+03
5.8450181E-01  8.2220E+03
5.8742432E-01  8.1696E+03
5.9036144E-01  8.1175E+03
5.9331325E-01  8.0656E+03
5.9410753E-01  8.0517E+03
5.9589253E-01  8.2253E+03
5.9627982E-01  8.2185E+03
5.9926122E-01  8.1664E+03
6.0225752E-01  8.1146E+03
6.0526881E-01  8.0630E+03
6.0829515E-01  8.0117E+03
6.1133663E-01  7.9606E+03
6.1439331E-01  7.9098E+03
6.1746528E-01  7.8592E+03
6.2055260E-01  7.8088E+03
6.2365537E-01  7.7587E+03
6.2677364E-01  7.7088E+03
6.2990751E-01  7.6591E+03
6.3305705E-01  7.6055E+03
6.3622234E-01  7.5500E+03
6.3940345E-01  7.4949E+03
6.4260046E-01  7.4400E+03
6.4581347E-01  7.3855E+03
6.4904253E-01  7.3313E+03
6.5228775E-01  7.2775E+03
6.5554919E-01  7.2239E+03
6.5882693E-01  7.1706E+03
6.6212107E-01  7.1177E+03
6.6543167E-01  7.0650E+03
6.6875883E-01  7.0127E+03
6.7210262E-01  6.9606E+03
6.7546314E-01  6.9088E+03
6.7884045E-01  6.8572E+03
6.8223466E-01  6.8060E+03
6.8564583E-01  6.7549E+03
6.8907406E-01  6.7004E+03
6.9251943E-01  6.6463E+03
6.9598202E-01  6.5925E+03
6.9946194E-01  6.5391E+03
7.0295924E-01  6.4860E+03
7.0647404E-01  6.4333E+03
7.1000641E-01  6.3809E+03
7.1355644E-01  6.3288E+03
7.1712423E-01  6.2771E+03
7.2070985E-01  6.2256E+03
7.2431340E-01  6.1742E+03
7.2793496E-01  6.1231E+03
7.3157464E-01  6.0723E+03
7.3523251E-01  6.0219E+03
7.3890867E-01  5.9719E+03
7.4260322E-01  5.9221E+03
7.4631623E-01  5.8727E+03
7.5004781E-01  5.8237E+03
7.5379805E-01  5.7749E+03
7.5756704E-01  5.7265E+03
7.6135488E-01  5.6784E+03
7.6516165E-01  5.6307E+03
7.6898746E-01  5.5832E+03
7.7283240E-01  5.5361E+03
7.7669656E-01  5.4894E+03
7.8058004E-01  5.4429E+03
7.8448294E-01  5.3968E+03
7.8840536E-01  5.3510E+03
7.9234738E-01  5.3055E+03
7.9630912E-01  5.2603E+03
8.0029067E-01  5.2154E+03
8.0429212E-01  5.1709E+03
8.0831358E-01  5.1267E+03
8.1235515E-01  5.0828E+03
8.1641693E-01  5.0392E+03
8.2049901E-01  4.9959E+03
8.2460150E-01  4.9530E+03
8.2872451E-01  4.9103E+03
8.3286813E-01  4.8679E+03
8.3703248E-01  4.8258E+03
8.4121764E-01  4.7839E+03
8.4542373E-01  4.7424E+03
8.4965084E-01  4.7011E+03
8.5389910E-01  4.6602E+03
8.5816859E-01  4.6196E+03
8.6245944E-01  4.5792E+03
8.6677173E-01  4.5392E+03
8.7110559E-01  4.4995E+03
8.7546112E-01  4.4600E+03
8.7983843E-01  4.4209E+03
8.8423762E-01  4.3821E+03
8.8865881E-01  4.3435E+03
8.9310210E-01  4.3052E+03
8.9756761E-01  4.2673E+03
9.0205545E-01  4.2296E+03
9.0656573E-01  4.1922E+03
9.1109856E-01  4.1551E+03
9.1565405E-01  4.1183E+03
9.2023232E-01  4.0818E+03
9.2483348E-01  4.0455E+03
9.2945765E-01  4.0096E+03
9.3410494E-01  3.9739E+03
9.3877546E-01  3.9385E+03
9.4346934E-01  3.9034E+03
9.4818668E-01  3.8686E+03
9.5292762E-01  3.8340E+03
9.5769226E-01  3.7997E+03
9.6248072E-01  3.7657E+03
9.6729312E-01  3.7320E+03
9.7212959E-01  3.6986E+03
9.7699023E-01  3.6654E+03
9.8187519E-01  3.6325E+03
9.8678456E-01  3.5998E+03
9.9171848E-01  3.5674E+03
9.9667708E-01  3.5353E+03
1.0016605E+00  3.5010E+03
1.0066688E+00  3.4619E+03
1.0117021E+00  3.4233E+03
1.0167606E+00  3.3851E+03
1.0218444E+00  3.3474E+03
1.0269536E+00  3.3102E+03
1.0320884E+00  3.2734E+03
1.0372489E+00  3.2364E+03
1.0424351E+00  3.1989E+03
1.0476473E+00  3.1619E+03
1.0528855E+00  3.1254E+03
1.0581499E+00  3.0893E+03
1.0634407E+00  3.0537E+03
1.0687579E+00  3.0186E+03
1.0741017E+00  2.9839E+03
1.0794722E+00  2.9497E+03
1.0848695E+00  2.9158E+03
1.0902939E+00  2.8825E+03
1.0957454E+00  2.8495E+03
1.1012241E+00  2.8170E+03
1.1067302E+00  2.7848E+03
1.1122639E+00  2.7531E+03
1.1178252E+00  2.7218E+03
1.1234143E+00  2.6909E+03
1.1290314E+00  2.6603E+03
1.1346765E+00  2.6302E+03
1.1403499E+00  2.6004E+03
1.1460517E+00  2.5710E+03
1.1517819E+00  2.5420E+03
1.1575408E+00  2.5133E+03
1.1633285E+00  2.4850E+03
1.1691452E+00  2.4571E+03
1.1749909E+00  2.4295E+03
1.1808659E+00  2.4022E+03
1.1867702E+00  2.3753E+03
1.1927040E+00  2.3487E+03
1.1986676E+00  2.3225E+03
1.2046609E+00  2.2966E+03
1.2106842E+00  2.2710E+03
1.2167376E+00  2.2457E+03
1.2228213E+00  2.2207E+03
1.2289354E+00  2.1961E+03
1.2350801E+00  2.1717E+03
1.2412555E+00  2.1477E+03
1.2474618E+00  2.1239E+03
1.2536991E+00  2.1004E+03
1.2599676E+00  2.0773E+03
1.2662674E+00  2.0544E+03
1.2725988E+00  2.0318E+03
1.2789618E+00  2.0094E+03
1.2853566E+00  1.9874E+03
1.2917833E+00  1.9656E+03
1.2982423E+00  1.9440E+03
1.3047335E+00  1.9228E+03
1.3112571E+00  1.9018E+03
1.3178134E+00  1.8810E+03
1.3244025E+00  1.8605E+03
1.3310245E+00  1.8403E+03
1.3376796E+00  1.8203E+03
1.3443680E+00  1.8005E+03
1.3510899E+00  1.7810E+03
1.3578453E+00  1.7617E+03
1.3646345E+00  1.7427E+03
1.3714577E+00  1.7238E+03
1.3783150E+00  1.7052E+03
1.3852066E+00  1.6869E+03
1.3921326E+00  1.6687E+03
1.3990933E+00  1.6508E+03
1.4060887E+00  1.6330E+03
1.4131192E+00  1.6155E+03
1.4201848E+00  1.5982E+03
1.4272857E+00  1.5811E+03
1.4344221E+00  1.5643E+03
1.4415942E+00  1.5476E+03
1.4488022E+00  1.5311E+03
1.4560462E+00  1.5148E+03
1.4633265E+00  1.4987E+03
1.4706431E+00  1.4827E+03
1.4779963E+00  1.4670E+03
1.4853863E+00  1.4515E+03
1.4928132E+00  1.4361E+03
1.5002773E+00  1.4209E+03
1.5077787E+00  1.4059E+03
1.5153176E+00  1.3911E+03
1.5228942E+00  1.3764E+03
1.5305086E+00  1.3620E+03
1.5381612E+00  1.3476E+03
1.5458520E+00  1.3335E+03
1.5535812E+00  1.3195E+03
1.5613491E+00  1.3057E+03
1.5691559E+00  1.2921E+03
1.5770017E+00  1.2786E+03
1.5848867E+00  1.2652E+03
1.5928111E+00  1.2520E+03
1.6007752E+00  1.2390E+03
1.6087790E+00  1.2261E+03
1.6168229E+00  1.2134E+03
1.6249070E+00  1.2008E+03
1.6330316E+00  1.1884E+03
1.6411967E+00  1.1761E+03
1.6494027E+00  1.1640E+03
1.6576497E+00  1.1519E+03
1.6659380E+00  1.1401E+03
1.6742677E+00  1.1283E+03
1.6826390E+00  1.1167E+03
1.6910522E+00  1.1053E+03
1.6995075E+00  1.0939E+03
1.7080050E+00  1.0825E+03
1.7165450E+00  1.0712E+03
1.7251278E+00  1.0600E+03
1.7337534E+00  1.0489E+03
1.7424222E+00  1.0379E+03
1.7511343E+00  1.0271E+03
1.7598899E+00  1.0164E+03
1.7686894E+00  1.0058E+03
1.7775328E+00  9.9534E+02
1.7864205E+00  9.8499E+02
1.7953526E+00  9.7477E+02
1.8043294E+00  9.6466E+02
1.8088491E+00  9.5964E+02
1.8095510E+00  3.2413E+03
1.8133510E+00  3.2249E+03
1.8224178E+00  3.1861E+03
1.8315299E+00  3.1479E+03
1.8406875E+00  3.1101E+03
1.8498909E+00  3.0728E+03
1.8591404E+00  3.0359E+03
1.8684361E+00  2.9995E+03
1.8709394E+00  2.9898E+03
1.8722607E+00  4.4375E+03
1.8777783E+00  4.4056E+03
1.8871672E+00  4.3521E+03
1.8966030E+00  4.2993E+03
1.9060860E+00  4.2471E+03
1.9156165E+00  4.1956E+03
1.9251945E+00  4.1447E+03
1.9348205E+00  4.0945E+03
1.9444946E+00  4.0449E+03
1.9542171E+00  3.9958E+03
1.9639882E+00  3.9474E+03
1.9738081E+00  3.8995E+03
1.9836772E+00  3.8522E+03
1.9935955E+00  3.8054E+03
2.0035635E+00  3.7593E+03
2.0135813E+00  3.7137E+03
2.0236492E+00  3.6686E+03
2.0337675E+00  3.6241E+03
2.0439363E+00  3.5802E+03
2.0541560E+00  3.5368E+03
2.0644268E+00  3.4939E+03
2.0747489E+00  3.4516E+03
2.0851227E+00  3.4098E+03
2.0955483E+00  3.3685E+03
2.1060260E+00  3.3277E+03
2.1165562E+00  3.2875E+03
2.1271389E+00  3.2477E+03
2.1377746E+00  3.2084E+03
2.1484635E+00  3.1696E+03
2.1592058E+00  3.1313E+03
2.1700018E+00  3.0934E+03
2.1808519E+00  3.0560E+03
2.1917561E+00  3.0191E+03
2.2027149E+00  2.9826E+03
2.2137285E+00  2.9466E+03
2.2247971E+00  2.9110E+03
2.2359211E+00  2.8759E+03
2.2471007E+00  2.8411E+03
2.2583362E+00  2.8069E+03
2.2696279E+00  2.7730E+03
2.2786505E+00  2.7464E+03
2.2809760E+00  2.7396E+03
2.2833493E+00  3.2167E+03
2.2923809E+00  3.1841E+03
2.3038428E+00  3.1435E+03
2.3153620E+00  3.1034E+03
2.3269388E+00  3.0638E+03
2.3385735E+00  3.0247E+03
2.3502664E+00  2.9862E+03
2.3620177E+00  2.9475E+03
2.3738278E+00  2.9092E+03
2.3856970E+00  2.8714E+03
2.3976254E+00  2.8349E+03
2.4096136E+00  2.8004E+03
2.4216616E+00  2.7664E+03
2.4337699E+00  2.7330E+03
2.4459388E+00  2.6997E+03
2.4581685E+00  2.6669E+03
2.4704593E+00  2.6346E+03
2.4828116E+00  2.6028E+03
2.4952257E+00  2.5714E+03
2.5077018E+00  2.5405E+03
2.5202403E+00  2.5101E+03
2.5328415E+00  2.4801E+03
2.5455057E+00  2.4505E+03
2.5582333E+00  2.4214E+03
2.5710244E+00  2.3926E+03
2.5716555E+00  2.3912E+03
2.5781443E+00  2.5449E+03
2.5838796E+00  2.5309E+03
2.5967990E+00  2.4998E+03
2.6097829E+00  2.4692E+03
2.6228319E+00  2.4390E+03
2.6359460E+00  2.4092E+03
2.6491257E+00  2.3798E+03
2.6623714E+00  2.3507E+03
2.6756832E+00  2.3221E+03
2.6890617E+00  2.2939E+03
2.7025070E+00  2.2660E+03
2.7160195E+00  2.2397E+03
2.7295996E+00  2.2139E+03
2.7432476E+00  2.1884E+03
2.7569638E+00  2.1633E+03
2.7707486E+00  2.1385E+03
2.7846024E+00  2.1141E+03
2.7985254E+00  2.0900E+03
2.8125180E+00  2.0663E+03
2.8140455E+00  2.0637E+03
2.8251547E+00  2.1374E+03
2.8265806E+00  2.1350E+03
2.8407135E+00  2.1111E+03
2.8549171E+00  2.0875E+03
2.8691917E+00  2.0642E+03
2.8835376E+00  2.0412E+03
2.8979553E+00  2.0184E+03
2.9124451E+00  1.9959E+03
2.9270073E+00  1.9736E+03
2.9416424E+00  1.9516E+03
2.9563506E+00  1.9298E+03
2.9711323E+00  1.9083E+03
2.9859880E+00  1.8871E+03
3.0009179E+00  1.8660E+03
3.0159225E+00  1.8435E+03
3.0310021E+00  1.8212E+03
3.0461571E+00  1.7991E+03
3.0613879E+00  1.7774E+03
3.0766949E+00  1.7559E+03
3.0920783E+00  1.7346E+03
3.1075387E+00  1.7136E+03
3.1230764E+00  1.6929E+03
3.1386918E+00  1.6724E+03
3.1543853E+00  1.6522E+03
3.1701572E+00  1.6322E+03
3.1860080E+00  1.6124E+03
3.2019380E+00  1.5929E+03
3.2179477E+00  1.5736E+03
3.2340374E+00  1.5545E+03
3.2502076E+00  1.5357E+03
3.2664587E+00  1.5170E+03
3.2827910E+00  1.4987E+03
3.2992049E+00  1.4805E+03
3.3157009E+00  1.4625E+03
3.3322794E+00  1.4448E+03
3.3489408E+00  1.4273E+03
3.3656856E+00  1.4099E+03
3.3825140E+00  1.3928E+03
3.3994265E+00  1.3758E+03
3.4164237E+00  1.3591E+03
3.4335058E+00  1.3425E+03
3.4506733E+00  1.3262E+03
3.4679267E+00  1.3101E+03
3.4852663E+00  1.2942E+03
3.5026927E+00  1.2784E+03
3.5202061E+00  1.2629E+03
3.5378072E+00  1.2476E+03
3.5554962E+00  1.2325E+03
3.5732737E+00  1.2175E+03
3.5911400E+00  1.2027E+03
3.6090957E+00  1.1882E+03
3.6271412E+00  1.1735E+03
3.6452769E+00  1.1588E+03
3.6635033E+00  1.1443E+03
3.6818208E+00  1.1300E+03
3.7002299E+00  1.1159E+03
3.7187311E+00  1.1020E+03
3.7373247E+00  1.0882E+03
3.7560114E+00  1.0744E+03
3.7747914E+00  1.0607E+03
3.7936654E+00  1.0472E+03
3.8126337E+00  1.0339E+03
3.8316969E+00  1.0207E+03
3.8508554E+00  1.0078E+03
3.8701096E+00  9.9497E+02
3.8894602E+00  9.8235E+02
3.9089075E+00  9.6990E+02
3.9284520E+00  9.5762E+02
3.9480943E+00  9.4551E+02
3.9678347E+00  9.3357E+02
3.9876739E+00  9.2178E+02
4.055024E+00  8.8336E+02
4.334821E+00  7.4653E+02
4.633924E+00  6.3146E+02
4.953664E+00  5.3255E+02
5.295467E+00  4.4918E+02
5.660855E+00  3.7884E+02
6.051453E+00  3.1967E+02
6.469004E+00  2.7013E+02
6.915365E+00  2.2860E+02
7.392525E+00  1.9374E+02
7.902609E+00  1.6437E+02
8.447890E+00  1.3904E+02
9.030794E+00  1.1730E+02
9.653919E+00  9.7842E+01
1.000266E+01  8.8837E+01
1.015577E+01  8.5196E+01
1.019659E+01  8.4261E+01
1.025783E+01  2.3035E+02
1.032004E+01  2.2587E+02
1.041094E+01  2.1952E+02
1.103212E+01  1.8358E+02
1.131312E+01  1.7084E+02
1.148628E+01  1.6368E+02
1.153246E+01  1.6185E+02
1.160172E+01  2.2269E+02
1.177488E+01  2.1384E+02
1.179334E+01  2.1292E+02
1.185780E+01  2.0978E+02
1.203930E+01  2.0131E+02
1.208770E+01  1.9913E+02
1.216030E+01  2.2725E+02
1.234180E+01  2.1891E+02
1.260708E+01  2.0751E+02
1.347697E+01  1.7526E+02
1.440688E+01  1.4750E+02
1.540095E+01  1.2399E+02
1.646362E+01  1.0401E+02
1.759961E+01  8.7212E+01
1.881398E+01  7.3150E+01
2.011215E+01  6.1393E+01
2.149988E+01  5.1491E+01
2.298338E+01  4.3203E+01
2.456923E+01  3.6224E+01
2.626450E+01  3.0360E+01
2.807676E+01  2.5257E+01
3.001405E+01  2.0973E+01
3.208502E+01  1.7431E+01
3.429889E+01  1.4499E+01
3.666551E+01  1.2069E+01
3.919543E+01  1.0055E+01
4.189992E+01  8.3832E+00
4.479101E+01  6.9916E+00
4.788159E+01  5.8244E+00
5.118542E+01  4.8521E+00
5.471721E+01  4.0302E+00
5.849270E+01  3.3437E+00
6.252870E+01  2.7749E+00
6.684318E+01  2.3038E+00
6.813450E+01  2.1844E+00
6.917738E+01  2.0941E+00
6.945548E+01  2.0709E+00
6.987263E+01  1.0536E+01
7.091550E+01  1.0151E+01
7.145536E+01  9.9591E+00
7.638578E+01  8.3857E+00
8.165640E+01  7.0346E+00
8.729069E+01  5.8989E+00
9.331374E+01  4.9397E+00
9.975239E+01  4.1282E+00
1.066353E+02  3.4505E+00
1.139931E+02  2.8844E+00
1.218587E+02  2.4115E+00
1.302669E+02  2.0164E+00
1.392553E+02  1.6861E+00
1.488640E+02  1.4053E+00
1.591356E+02  1.1714E+00
1.701159E+02  9.7654E-01
1.818539E+02  8.1416E-01
1.944018E+02  6.7884E-01
2.078156E+02  5.6606E-01
2.221548E+02  4.7206E-01
2.374835E+02  3.9371E-01
2.538699E+02  3.2838E-01
2.713869E+02  2.7392E-01
2.901126E+02  2.2851E-01
3.101304E+02  1.9127E-01
3.315294E+02  1.6081E-01
3.544049E+02  1.3522E-01
3.788588E+02  1.1370E-01
4.050001E+02  9.5617E-02
4.329451E+02  8.0415E-02