Yb (Z = 70) Atomic weight: Ar = 173.0400 g mol-1   Nominal density:   ? (g cm-3) = 6.9530
sigma(barns/atom) = [mue/rho](cm2 g-1)  ×  2.87340E+02
E(eV) [mue/rho](cm2 g-1) = f2(e atom-1)  ×  2.43183E+05
19 edges. Edge energies (keV):
K      6.13323E+01  
L I    1.04864E+01  
L II   9.97820E+00  
L III  8.94360E+00 
M I    2.39810E+00  
M II   2.17300E+00  
M III  1.94980E+00  
M IV   1.57630E+00 
M V    1.52780E+00  
N I    4.87200E-01  
N II   3.96700E-01  
N III  3.43500E-01 
N IV   1.98100E-01  
N V    1.84900E-01  
N VI   6.30000E-03  
N VII  6.30000E-03 
O I    5.41000E-02  
O II   2.34000E-02  
O III  2.34000E-02 
Data
E/keV            [mue/rho]Photoelectric/cm2g-1
6.331500E-03  6.1442E+03
6.426000E-03  6.0730E+03
1.069000E-02  5.4660E+03
1.142761E-02  5.6013E+03
1.221612E-02  5.7726E+03
1.305903E-02  5.9790E+03
1.396010E-02  6.2206E+03
1.492335E-02  6.4978E+03
1.595306E-02  6.8116E+03
1.705382E-02  7.1630E+03
1.823053E-02  7.5533E+03
1.948844E-02  7.9839E+03
2.083314E-02  8.4562E+03
2.227063E-02  8.9716E+03
2.293200E-02  9.2115E+03
2.328300E-02  9.3394E+03
2.337660E-02  9.3736E+03
2.351700E-02  3.1948E+05
2.380730E-02  3.0263E+05
2.386800E-02  2.9926E+05
2.545001E-02  2.2603E+05
2.720606E-02  1.6929E+05
2.908327E-02  1.2703E+05
3.109002E-02  9.6207E+04
3.323523E-02  7.4097E+04
3.552846E-02  5.8430E+04
3.797993E-02  4.7437E+04
4.060054E-02  3.9792E+04
4.340198E-02  3.4532E+04
4.639671E-02  3.0963E+04
4.959809E-02  2.8594E+04
5.302035E-02  2.7075E+04
5.382950E-02  2.6821E+04
5.404590E-02  2.6759E+04
5.437050E-02  2.6845E+04
5.518200E-02  2.6642E+04
5.667876E-02  2.6335E+04
6.058959E-02  2.5846E+04
6.477028E-02  2.5653E+04
6.923942E-02  2.5665E+04
7.401695E-02  2.5811E+04
7.912411E-02  2.6039E+04
8.458368E-02  2.6309E+04
9.041995E-02  2.6593E+04
9.665893E-02  2.6866E+04
1.0000000E-01  2.6997E+04
1.0050000E-01  2.7015E+04
1.0100250E-01  2.7034E+04
1.0150751E-01  2.7052E+04
1.0201505E-01  2.7070E+04
1.0252513E-01  2.7087E+04
1.0303775E-01  2.7105E+04
1.0355294E-01  2.7122E+04
1.0407070E-01  2.7139E+04
1.0459106E-01  2.7156E+04
1.0511401E-01  2.7172E+04
1.0563958E-01  2.7189E+04
1.0616778E-01  2.7205E+04
1.0669862E-01  2.7221E+04
1.0723211E-01  2.7236E+04
1.0776827E-01  2.7252E+04
1.0830712E-01  2.7267E+04
1.0884865E-01  2.7282E+04
1.0939289E-01  2.7296E+04
1.0993986E-01  2.7310E+04
1.1048956E-01  2.7325E+04
1.1104201E-01  2.7338E+04
1.1159722E-01  2.7352E+04
1.1215520E-01  2.7365E+04
1.1271598E-01  2.7378E+04
1.1327956E-01  2.7391E+04
1.1384596E-01  2.7403E+04
1.1441519E-01  2.7415E+04
1.1498726E-01  2.7427E+04
1.1556220E-01  2.7438E+04
1.1614001E-01  2.7450E+04
1.1672071E-01  2.7461E+04
1.1730431E-01  2.7471E+04
1.1789083E-01  2.7481E+04
1.1848029E-01  2.7465E+04
1.1907269E-01  2.7387E+04
1.1966805E-01  2.7308E+04
1.2026639E-01  2.7229E+04
1.2086772E-01  2.7149E+04
1.2147206E-01  2.7069E+04
1.2207942E-01  2.6988E+04
1.2268982E-01  2.6907E+04
1.2330327E-01  2.6825E+04
1.2391979E-01  2.6743E+04
1.2453939E-01  2.6660E+04
1.2516208E-01  2.6577E+04
1.2578789E-01  2.6493E+04
1.2641683E-01  2.6409E+04
1.2704892E-01  2.6325E+04
1.2768416E-01  2.6240E+04
1.2832258E-01  2.6154E+04
1.2896419E-01  2.6068E+04
1.2960902E-01  2.5982E+04
1.3025706E-01  2.5895E+04
1.3090835E-01  2.5808E+04
1.3156289E-01  2.5721E+04
1.3222070E-01  2.5633E+04
1.3288181E-01  2.5544E+04
1.3354621E-01  2.5456E+04
1.3421395E-01  2.5366E+04
1.3488502E-01  2.5277E+04
1.3555944E-01  2.5187E+04
1.3623724E-01  2.5097E+04
1.3691842E-01  2.5006E+04
1.3760302E-01  2.4915E+04
1.3829103E-01  2.4823E+04
1.3898249E-01  2.4732E+04
1.3967740E-01  2.4639E+04
1.4037579E-01  2.4547E+04
1.4107766E-01  2.4454E+04
1.4178305E-01  2.4361E+04
1.4249197E-01  2.4268E+04
1.4320443E-01  2.4174E+04
1.4392045E-01  2.4080E+04
1.4464005E-01  2.3985E+04
1.4536325E-01  2.3891E+04
1.4609007E-01  2.3796E+04
1.4682052E-01  2.3700E+04
1.4755462E-01  2.3605E+04
1.4829239E-01  2.3509E+04
1.4903386E-01  2.3413E+04
1.4977903E-01  2.3316E+04
1.5052792E-01  2.3220E+04
1.5128056E-01  2.3123E+04
1.5203696E-01  2.3026E+04
1.5279715E-01  2.2928E+04
1.5356113E-01  2.2831E+04
1.5432894E-01  2.2733E+04
1.5510058E-01  2.2635E+04
1.5587609E-01  2.2537E+04
1.5665547E-01  2.2438E+04
1.5743875E-01  2.2339E+04
1.5822594E-01  2.2241E+04
1.5901707E-01  2.2142E+04
1.5981215E-01  2.2042E+04
1.6061121E-01  2.1943E+04
1.6141427E-01  2.1843E+04
1.6222134E-01  2.1744E+04
1.6303245E-01  2.1644E+04
1.6384761E-01  2.1544E+04
1.6466685E-01  2.1444E+04
1.6549018E-01  2.1343E+04
1.6631763E-01  2.1243E+04
1.6714922E-01  2.1142E+04
1.6798497E-01  2.1042E+04
1.6882489E-01  2.0941E+04
1.6966902E-01  2.0840E+04
1.7051736E-01  2.0739E+04
1.7136995E-01  2.0638E+04
1.7222680E-01  2.0537E+04
1.7308793E-01  2.0436E+04
1.7395337E-01  2.0334E+04
1.7482314E-01  2.0233E+04
1.7569726E-01  2.0132E+04
1.7657574E-01  2.0030E+04
1.7745862E-01  1.9929E+04
1.7834591E-01  1.9827E+04
1.7923764E-01  1.9725E+04
1.8013383E-01  1.9624E+04
1.8103450E-01  1.9522E+04
1.8193967E-01  1.9421E+04
1.8284937E-01  1.9319E+04
1.8376362E-01  1.9217E+04
1.8468244E-01  1.9116E+04
1.8476613E-01  1.9106E+04
1.8503387E-01  2.8782E+04
1.8560585E-01  2.8378E+04
1.8653388E-01  2.7749E+04
1.8746655E-01  2.7151E+04
1.8840388E-01  2.6580E+04
1.8934590E-01  2.6036E+04
1.9029263E-01  2.5517E+04
1.9124409E-01  2.5021E+04
1.9220031E-01  2.4548E+04
1.9316131E-01  2.4095E+04
1.9412712E-01  2.3663E+04
1.9509776E-01  2.3249E+04
1.9607325E-01  2.2852E+04
1.9705361E-01  2.2473E+04
1.9791478E-01  2.2154E+04
1.9803888E-01  2.2109E+04
1.9828522E-01  2.7716E+04
1.9902907E-01  2.7223E+04
2.0002422E-01  2.6593E+04
2.0102434E-01  2.5992E+04
2.0202946E-01  2.5418E+04
2.0303961E-01  2.4871E+04
2.0405481E-01  2.4349E+04
2.0507508E-01  2.3854E+04
2.0610046E-01  2.3385E+04
2.0713096E-01  2.2940E+04
2.0816661E-01  2.2517E+04
2.0920745E-01  2.2115E+04
2.1025348E-01  2.1732E+04
2.1130475E-01  2.1366E+04
2.1236128E-01  2.1017E+04
2.1342308E-01  2.0684E+04
2.1449020E-01  2.0365E+04
2.1556265E-01  2.0059E+04
2.1664046E-01  1.9766E+04
2.1772366E-01  1.9485E+04
2.1881228E-01  1.9215E+04
2.1990634E-01  1.8958E+04
2.2100588E-01  1.8713E+04
2.2211090E-01  1.8479E+04
2.2322146E-01  1.8255E+04
2.2433757E-01  1.8040E+04
2.2545925E-01  1.7833E+04
2.2658655E-01  1.7634E+04
2.2771948E-01  1.7442E+04
2.2885808E-01  1.7257E+04
2.3000237E-01  1.7078E+04
2.3115238E-01  1.6905E+04
2.3230814E-01  1.6737E+04
2.3346969E-01  1.6574E+04
2.3463703E-01  1.6415E+04
2.3581022E-01  1.6261E+04
2.3698927E-01  1.6111E+04
2.3817422E-01  1.5964E+04
2.3936509E-01  1.5821E+04
2.4056191E-01  1.5681E+04
2.4176472E-01  1.5545E+04
2.4297355E-01  1.5411E+04
2.4418841E-01  1.5280E+04
2.4540936E-01  1.5152E+04
2.4663640E-01  1.5026E+04
2.4786959E-01  1.4902E+04
2.4910893E-01  1.4781E+04
2.5035448E-01  1.4661E+04
2.5160625E-01  1.4544E+04
2.5286428E-01  1.4429E+04
2.5412860E-01  1.4315E+04
2.5539925E-01  1.4203E+04
2.5667624E-01  1.4093E+04
2.5795962E-01  1.3984E+04
2.5924942E-01  1.3877E+04
2.6054567E-01  1.3771E+04
2.6184840E-01  1.3667E+04
2.6315764E-01  1.3564E+04
2.6447343E-01  1.3462E+04
2.6579579E-01  1.3362E+04
2.6712477E-01  1.3263E+04
2.6846040E-01  1.3165E+04
2.6980270E-01  1.3068E+04
2.7115171E-01  1.2972E+04
2.7250747E-01  1.2878E+04
2.7387001E-01  1.2784E+04
2.7523936E-01  1.2691E+04
2.7661556E-01  1.2600E+04
2.7799863E-01  1.2509E+04
2.7938863E-01  1.2420E+04
2.8078557E-01  1.2331E+04
2.8218950E-01  1.2243E+04
2.8360044E-01  1.2156E+04
2.8501845E-01  1.2070E+04
2.8644354E-01  1.1985E+04
2.8787576E-01  1.1901E+04
2.8931514E-01  1.1817E+04
2.9076171E-01  1.1734E+04
2.9221552E-01  1.1652E+04
2.9367660E-01  1.1571E+04
2.9514498E-01  1.1491E+04
2.9662071E-01  1.1411E+04
2.9810381E-01  1.1333E+04
2.9959433E-01  1.1255E+04
3.0109230E-01  1.1177E+04
3.0259776E-01  1.1101E+04
3.0411075E-01  1.1025E+04
3.0563130E-01  1.0950E+04
3.0715946E-01  1.0875E+04
3.0869526E-01  1.0801E+04
3.1023873E-01  1.0728E+04
3.1178993E-01  1.0656E+04
3.1334888E-01  1.0584E+04
3.1491562E-01  1.0513E+04
3.1649020E-01  1.0443E+04
3.1807265E-01  1.0373E+04
3.1966301E-01  1.0304E+04
3.2126133E-01  1.0235E+04
3.2286764E-01  1.0167E+04
3.2448197E-01  1.0100E+04
3.2610438E-01  1.0033E+04
3.2773491E-01  9.9675E+03
3.2937358E-01  9.9021E+03
3.3102045E-01  9.8374E+03
3.3267555E-01  9.7732E+03
3.3433893E-01  9.7096E+03
3.3601062E-01  9.6467E+03
3.3769068E-01  9.5843E+03
3.3937913E-01  9.5225E+03
3.4107602E-01  9.4613E+03
3.4278140E-01  9.4006E+03
3.4308435E-01  9.3899E+03
3.4391562E-01  1.0222E+04
3.4449531E-01  1.0202E+04
3.4621779E-01  1.0141E+04
3.4794888E-01  1.0081E+04
3.4968862E-01  1.0021E+04
3.5143706E-01  9.9617E+03
3.5319425E-01  9.9030E+03
3.5496022E-01  9.8449E+03
3.5673502E-01  9.7873E+03
3.5851870E-01  9.7303E+03
3.6031129E-01  9.6738E+03
3.6211285E-01  9.6178E+03
3.6392341E-01  9.5623E+03
3.6574303E-01  9.5073E+03
3.6757174E-01  9.4528E+03
3.6940960E-01  9.3988E+03
3.7125665E-01  9.3453E+03
3.7311293E-01  9.2923E+03
3.7497850E-01  9.2398E+03
3.7685339E-01  9.1877E+03
3.7873766E-01  9.1361E+03
3.8063135E-01  9.0850E+03
3.8253450E-01  9.0343E+03
3.8444718E-01  8.9840E+03
3.8636941E-01  8.9342E+03
3.8830126E-01  8.8848E+03
3.9024276E-01  8.8358E+03
3.9219398E-01  8.7872E+03
3.9415495E-01  8.7390E+03
3.9612572E-01  8.6912E+03
3.9615652E-01  8.6905E+03
3.9724347E-01  8.8648E+03
3.9810635E-01  8.8442E+03
4.0009688E-01  8.7973E+03
4.0209737E-01  8.7507E+03
4.0410785E-01  8.7045E+03
4.0612839E-01  8.6586E+03
4.0815904E-01  8.6132E+03
4.1019983E-01  8.5680E+03
4.1225083E-01  8.5233E+03
4.1431208E-01  8.4788E+03
4.1638364E-01  8.4348E+03
4.1846556E-01  8.3910E+03
4.2055789E-01  8.3476E+03
4.2266068E-01  8.3044E+03
4.2477398E-01  8.2616E+03
4.2689785E-01  8.2192E+03
4.2903234E-01  8.1770E+03
4.3117750E-01  8.1351E+03
4.3333339E-01  8.0935E+03
4.3550006E-01  8.0521E+03
4.3767756E-01  8.0111E+03
4.3986595E-01  7.9703E+03
4.4206528E-01  7.9298E+03
4.4427560E-01  7.8895E+03
4.4649698E-01  7.8495E+03
4.4872947E-01  7.8098E+03
4.5097311E-01  7.7703E+03
4.5322798E-01  7.7310E+03
4.5549412E-01  7.6920E+03
4.5777159E-01  7.6531E+03
4.6006045E-01  7.6145E+03
4.6236075E-01  7.5761E+03
4.6467255E-01  7.5379E+03
4.6699592E-01  7.4999E+03
4.6933090E-01  7.4621E+03
4.7167755E-01  7.4245E+03
4.7403594E-01  7.3870E+03
4.7640612E-01  7.3498E+03
4.7878815E-01  7.3127E+03
4.8118209E-01  7.2758E+03
4.8358800E-01  7.2390E+03
4.8600594E-01  7.2024E+03
4.8646432E-01  7.1955E+03
4.8793566E-01  7.4296E+03
4.8843597E-01  7.4219E+03
4.9087815E-01  7.3849E+03
4.9333254E-01  7.3481E+03
4.9579920E-01  7.3113E+03
4.9827820E-01  7.2747E+03
5.0076959E-01  7.2383E+03
5.0327344E-01  7.2020E+03
5.0578980E-01  7.1657E+03
5.0831875E-01  7.1297E+03
5.1086035E-01  7.0937E+03
5.1341465E-01  7.0578E+03
5.1598172E-01  7.0221E+03
5.1856163E-01  6.9864E+03
5.2115444E-01  6.9508E+03
5.2376021E-01  6.9154E+03
5.2637901E-01  6.8800E+03
5.2901091E-01  6.8447E+03
5.3165596E-01  6.8096E+03
5.3431424E-01  6.7745E+03
5.3698581E-01  6.7394E+03
5.3967074E-01  6.7045E+03
5.4236910E-01  6.6696E+03
5.4508094E-01  6.6348E+03
5.4780635E-01  6.6000E+03
5.5054538E-01  6.5653E+03
5.5329810E-01  6.5306E+03
5.5606460E-01  6.4960E+03
5.5884492E-01  6.4615E+03
5.6163914E-01  6.4270E+03
5.6444734E-01  6.3925E+03
5.6726958E-01  6.3581E+03
5.7010592E-01  6.3237E+03
5.7295645E-01  6.2894E+03
5.7582123E-01  6.2551E+03
5.7870034E-01  6.2209E+03
5.8159384E-01  6.1867E+03
5.8450181E-01  6.1526E+03
5.8742432E-01  6.1185E+03
5.9036144E-01  6.0844E+03
5.9331325E-01  6.0504E+03
5.9627982E-01  6.0164E+03
5.9926122E-01  5.9824E+03
6.0225752E-01  5.9485E+03
6.0526881E-01  5.9147E+03
6.0829515E-01  5.8808E+03
6.1133663E-01  5.8470E+03
6.1439331E-01  5.8133E+03
6.1746528E-01  5.7796E+03
6.2055260E-01  5.7459E+03
6.2365537E-01  5.7123E+03
6.2677364E-01  5.6787E+03
6.2990751E-01  5.6451E+03
6.3305705E-01  5.6116E+03
6.3622234E-01  5.5781E+03
6.3940345E-01  5.5447E+03
6.4260046E-01  5.5113E+03
6.4581347E-01  5.4780E+03
6.4904253E-01  5.4447E+03
6.5228775E-01  5.4114E+03
6.5554919E-01  5.3782E+03
6.5882693E-01  5.3451E+03
6.6212107E-01  5.3120E+03
6.6543167E-01  5.2789E+03
6.6875883E-01  5.2459E+03
6.7210262E-01  5.2130E+03
6.7546314E-01  5.1801E+03
6.7884045E-01  5.1473E+03
6.8223466E-01  5.1145E+03
6.8564583E-01  5.0818E+03
6.8907406E-01  5.0491E+03
6.9251943E-01  5.0165E+03
6.9598202E-01  4.9840E+03
6.9946194E-01  4.9515E+03
7.0295924E-01  4.9191E+03
7.0647404E-01  4.8868E+03
7.1000641E-01  4.8545E+03
7.1355644E-01  4.8223E+03
7.1712423E-01  4.7902E+03
7.2070985E-01  4.7582E+03
7.2431340E-01  4.7262E+03
7.2793496E-01  4.6943E+03
7.3157464E-01  4.6625E+03
7.3523251E-01  4.6307E+03
7.3890867E-01  4.5991E+03
7.4260322E-01  4.5675E+03
7.4631623E-01  4.5360E+03
7.5004781E-01  4.5046E+03
7.5379805E-01  4.4732E+03
7.5756704E-01  4.4419E+03
7.6135488E-01  4.4107E+03
7.6516165E-01  4.3796E+03
7.6898746E-01  4.3485E+03
7.7283240E-01  4.3176E+03
7.7669656E-01  4.2867E+03
7.8058004E-01  4.2560E+03
7.8448294E-01  4.2253E+03
7.8840536E-01  4.1947E+03
7.9234738E-01  4.1642E+03
7.9630912E-01  4.1339E+03
8.0029067E-01  4.1036E+03
8.0429212E-01  4.0734E+03
8.0831358E-01  4.0433E+03
8.1235515E-01  4.0133E+03
8.1641693E-01  3.9835E+03
8.2049901E-01  3.9537E+03
8.2460150E-01  3.9240E+03
8.2872451E-01  3.8944E+03
8.3286813E-01  3.8649E+03
8.3703248E-01  3.8355E+03
8.4121764E-01  3.8063E+03
8.4542373E-01  3.7772E+03
8.4965084E-01  3.7482E+03
8.5389910E-01  3.7193E+03
8.5816859E-01  3.6906E+03
8.6245944E-01  3.6620E+03
8.6677173E-01  3.6335E+03
8.7110559E-01  3.6052E+03
8.7546112E-01  3.5771E+03
8.7983843E-01  3.5491E+03
8.8423762E-01  3.5212E+03
8.8865881E-01  3.4935E+03
8.9310210E-01  3.4660E+03
8.9756761E-01  3.4386E+03
9.0205545E-01  3.4113E+03
9.0656573E-01  3.3842E+03
9.1109856E-01  3.3573E+03
9.1565405E-01  3.3305E+03
9.2023232E-01  3.3039E+03
9.2483348E-01  3.2775E+03
9.2945765E-01  3.2512E+03
9.3410494E-01  3.2251E+03
9.3877546E-01  3.1992E+03
9.4346934E-01  3.1734E+03
9.4818668E-01  3.1478E+03
9.5292762E-01  3.1224E+03
9.5769226E-01  3.0971E+03
9.6248072E-01  3.0721E+03
9.6729312E-01  3.0471E+03
9.7212959E-01  3.0224E+03
9.7699023E-01  2.9978E+03
9.8187519E-01  2.9734E+03
9.8678456E-01  2.9492E+03
9.9171848E-01  2.9252E+03
9.9667708E-01  2.9013E+03
1.0016605E+00  2.8746E+03
1.0066688E+00  2.8421E+03
1.0117021E+00  2.8100E+03
1.0167606E+00  2.7783E+03
1.0218444E+00  2.7470E+03
1.0269536E+00  2.7160E+03
1.0320884E+00  2.6855E+03
1.0372489E+00  2.6553E+03
1.0424351E+00  2.6255E+03
1.0476473E+00  2.5961E+03
1.0528855E+00  2.5670E+03
1.0581499E+00  2.5383E+03
1.0634407E+00  2.5099E+03
1.0687579E+00  2.4818E+03
1.0741017E+00  2.4542E+03
1.0794722E+00  2.4268E+03
1.0848695E+00  2.3998E+03
1.0902939E+00  2.3731E+03
1.0957454E+00  2.3467E+03
1.1012241E+00  2.3207E+03
1.1067302E+00  2.2950E+03
1.1122639E+00  2.2695E+03
1.1178252E+00  2.2444E+03
1.1234143E+00  2.2196E+03
1.1290314E+00  2.1951E+03
1.1346765E+00  2.1709E+03
1.1403499E+00  2.1470E+03
1.1460517E+00  2.1233E+03
1.1517819E+00  2.1000E+03
1.1575408E+00  2.0769E+03
1.1633285E+00  2.0541E+03
1.1691452E+00  2.0316E+03
1.1749909E+00  2.0093E+03
1.1808659E+00  1.9873E+03
1.1867702E+00  1.9656E+03
1.1927040E+00  1.9441E+03
1.1986676E+00  1.9229E+03
1.2046609E+00  1.9020E+03
1.2106842E+00  1.8813E+03
1.2167376E+00  1.8608E+03
1.2228213E+00  1.8406E+03
1.2289354E+00  1.8206E+03
1.2350801E+00  1.8008E+03
1.2412555E+00  1.7813E+03
1.2474618E+00  1.7621E+03
1.2536991E+00  1.7430E+03
1.2599676E+00  1.7242E+03
1.2662674E+00  1.7056E+03
1.2725988E+00  1.6872E+03
1.2789618E+00  1.6690E+03
1.2853566E+00  1.6511E+03
1.2917833E+00  1.6333E+03
1.2982423E+00  1.6158E+03
1.3047335E+00  1.5984E+03
1.3112571E+00  1.5813E+03
1.3178134E+00  1.5644E+03
1.3244025E+00  1.5477E+03
1.3310245E+00  1.5311E+03
1.3376796E+00  1.5148E+03
1.3443680E+00  1.4986E+03
1.3510899E+00  1.4827E+03
1.3578453E+00  1.4669E+03
1.3646345E+00  1.4513E+03
1.3714577E+00  1.4359E+03
1.3783150E+00  1.4205E+03
1.3852066E+00  1.4051E+03
1.3921326E+00  1.3899E+03
1.3990933E+00  1.3749E+03
1.4060887E+00  1.3601E+03
1.4131192E+00  1.3454E+03
1.4201848E+00  1.3310E+03
1.4272857E+00  1.3167E+03
1.4344221E+00  1.3025E+03
1.4415942E+00  1.2885E+03
1.4488022E+00  1.2747E+03
1.4560462E+00  1.2611E+03
1.4633265E+00  1.2476E+03
1.4706431E+00  1.2342E+03
1.4779963E+00  1.2211E+03
1.4853863E+00  1.2080E+03
1.4928132E+00  1.1952E+03
1.5002773E+00  1.1824E+03
1.5077787E+00  1.1698E+03
1.5153176E+00  1.1574E+03
1.5228942E+00  1.1451E+03
1.5275616E+00  1.1376E+03
1.5280383E+00  4.2357E+03
1.5305086E+00  4.2184E+03
1.5381612E+00  4.1652E+03
1.5458520E+00  4.1127E+03
1.5535812E+00  4.0609E+03
1.5613491E+00  4.0098E+03
1.5691559E+00  3.9593E+03
1.5758114E+00  3.9170E+03
1.5767887E+00  5.8757E+03
1.5770017E+00  5.8737E+03
1.5848867E+00  5.7990E+03
1.5928111E+00  5.7251E+03
1.6007752E+00  5.6522E+03
1.6087790E+00  5.5802E+03
1.6168229E+00  5.5092E+03
1.6249070E+00  5.4391E+03
1.6330316E+00  5.3699E+03
1.6411967E+00  5.3016E+03
1.6494027E+00  5.2342E+03
1.6576497E+00  5.1676E+03
1.6659380E+00  5.1019E+03
1.6742677E+00  5.0371E+03
1.6826390E+00  4.9731E+03
1.6910522E+00  4.9099E+03
1.6995075E+00  4.8475E+03
1.7080050E+00  4.7860E+03
1.7165450E+00  4.7252E+03
1.7251278E+00  4.6652E+03
1.7337534E+00  4.6060E+03
1.7424222E+00  4.5476E+03
1.7511343E+00  4.4899E+03
1.7598899E+00  4.4329E+03
1.7686894E+00  4.3767E+03
1.7775328E+00  4.3213E+03
1.7864205E+00  4.2665E+03
1.7953526E+00  4.2124E+03
1.8043294E+00  4.1591E+03
1.8133510E+00  4.1064E+03
1.8224178E+00  4.0544E+03
1.8315299E+00  4.0031E+03
1.8406875E+00  3.9524E+03
1.8498909E+00  3.9024E+03
1.8591404E+00  3.8530E+03
1.8684361E+00  3.8043E+03
1.8777783E+00  3.7562E+03
1.8871672E+00  3.7087E+03
1.8966030E+00  3.6619E+03
1.9060860E+00  3.6156E+03
1.9156165E+00  3.5699E+03
1.9251945E+00  3.5248E+03
1.9348205E+00  3.4803E+03
1.9444946E+00  3.4364E+03
1.9475382E+00  3.4227E+03
1.9520618E+00  4.0012E+03
1.9542171E+00  3.9893E+03
1.9639882E+00  3.9358E+03
1.9738081E+00  3.8831E+03
1.9836772E+00  3.8310E+03
1.9935955E+00  3.7796E+03
2.0035635E+00  3.7289E+03
2.0135813E+00  3.6788E+03
2.0236492E+00  3.6294E+03
2.0337675E+00  3.5808E+03
2.0439363E+00  3.5327E+03
2.0541560E+00  3.4878E+03
2.0644268E+00  3.4440E+03
2.0747489E+00  3.4010E+03
2.0851227E+00  3.3587E+03
2.0955483E+00  3.3171E+03
2.1060260E+00  3.2762E+03
2.1165562E+00  3.2359E+03
2.1271389E+00  3.1963E+03
2.1377746E+00  3.1573E+03
2.1484635E+00  3.1189E+03
2.1592058E+00  3.0810E+03
2.1700018E+00  3.0438E+03
2.1704360E+00  3.0423E+03
2.1755642E+00  3.2396E+03
2.1808519E+00  3.2198E+03
2.1917561E+00  3.1797E+03
2.2027149E+00  3.1401E+03
2.2137285E+00  3.1011E+03
2.2247971E+00  3.0628E+03
2.2359211E+00  3.0249E+03
2.2471007E+00  2.9876E+03
2.2583362E+00  2.9509E+03
2.2696279E+00  2.9147E+03
2.2809760E+00  2.8791E+03
2.2923809E+00  2.8453E+03
2.3038428E+00  2.8120E+03
2.3153620E+00  2.7792E+03
2.3269388E+00  2.7469E+03
2.3385735E+00  2.7151E+03
2.3502664E+00  2.6838E+03
2.3620177E+00  2.6530E+03
2.3738278E+00  2.6226E+03
2.3856970E+00  2.5926E+03
2.3931119E+00  2.5741E+03
2.3976254E+00  2.5630E+03
2.4030879E+00  2.6687E+03
2.4096136E+00  2.6523E+03
2.4216616E+00  2.6224E+03
2.4337699E+00  2.5929E+03
2.4459388E+00  2.5638E+03
2.4581685E+00  2.5350E+03
2.4704593E+00  2.5066E+03
2.4828116E+00  2.4786E+03
2.4952257E+00  2.4509E+03
2.5077018E+00  2.4236E+03
2.5202403E+00  2.3966E+03
2.5328415E+00  2.3701E+03
2.5455057E+00  2.3434E+03
2.5582333E+00  2.3170E+03
2.5710244E+00  2.2909E+03
2.5838796E+00  2.2652E+03
2.5967990E+00  2.2397E+03
2.6097829E+00  2.2145E+03
2.6228319E+00  2.1897E+03
2.6359460E+00  2.1651E+03
2.6491257E+00  2.1408E+03
2.6623714E+00  2.1167E+03
2.6756832E+00  2.0930E+03
2.6890617E+00  2.0695E+03
2.7025070E+00  2.0463E+03
2.7160195E+00  2.0233E+03
2.7295996E+00  2.0006E+03
2.7432476E+00  1.9781E+03
2.7569638E+00  1.9559E+03
2.7707486E+00  1.9339E+03
2.7846024E+00  1.9122E+03
2.7985254E+00  1.8907E+03
2.8125180E+00  1.8694E+03
2.8265806E+00  1.8484E+03
2.8407135E+00  1.8274E+03
2.8549171E+00  1.8067E+03
2.8691917E+00  1.7862E+03
2.8835376E+00  1.7659E+03
2.8979553E+00  1.7458E+03
2.9124451E+00  1.7260E+03
2.9270073E+00  1.7064E+03
2.9416424E+00  1.6870E+03
2.9563506E+00  1.6678E+03
2.9711323E+00  1.6489E+03
2.9859880E+00  1.6301E+03
3.0009179E+00  1.6115E+03
3.0159225E+00  1.5919E+03
3.0310021E+00  1.5725E+03
3.0461571E+00  1.5534E+03
3.0613879E+00  1.5343E+03
3.0766949E+00  1.5150E+03
3.0920783E+00  1.4961E+03
3.1075387E+00  1.4774E+03
3.1230764E+00  1.4589E+03
3.1386918E+00  1.4406E+03
3.1543853E+00  1.4225E+03
3.1701572E+00  1.4044E+03
3.1860080E+00  1.3865E+03
3.2019380E+00  1.3688E+03
3.2179477E+00  1.3514E+03
3.2340374E+00  1.3342E+03
3.2502076E+00  1.3173E+03
3.2664587E+00  1.3005E+03
3.2827910E+00  1.2840E+03
3.2992049E+00  1.2678E+03
3.3157009E+00  1.2517E+03
3.3322794E+00  1.2359E+03
3.3489408E+00  1.2203E+03
3.3656856E+00  1.2048E+03
3.3825140E+00  1.1896E+03
3.3994265E+00  1.1746E+03
3.4164237E+00  1.1598E+03
3.4335058E+00  1.1452E+03
3.4506733E+00  1.1308E+03
3.4679267E+00  1.1166E+03
3.4852663E+00  1.1025E+03
3.5026927E+00  1.0886E+03
3.5202061E+00  1.0749E+03
3.5378072E+00  1.0614E+03
3.5554962E+00  1.0480E+03
3.5732737E+00  1.0348E+03
3.5911400E+00  1.0218E+03
3.6090957E+00  1.0090E+03
3.6271412E+00  9.9630E+02
3.6452769E+00  9.8381E+02
3.6635033E+00  9.7149E+02
3.6818208E+00  9.5933E+02
3.7002299E+00  9.4734E+02
3.7187311E+00  9.3551E+02
3.7373247E+00  9.2378E+02
3.7560114E+00  9.1222E+02
3.7747914E+00  9.0080E+02
3.7936654E+00  8.8954E+02
3.8126337E+00  8.7843E+02
3.8316969E+00  8.6747E+02
3.8508554E+00  8.5666E+02
3.8701096E+00  8.4599E+02
3.8894602E+00  8.3546E+02
3.9089075E+00  8.2494E+02
3.9284520E+00  8.1442E+02
3.9480943E+00  8.0404E+02
3.9678347E+00  7.9381E+02
3.9876739E+00  7.8371E+02
4.055024E+00  7.5078E+02
4.334821E+00  6.3346E+02
4.633924E+00  5.3381E+02
4.953664E+00  4.5017E+02
5.295467E+00  3.7991E+02
5.660855E+00  3.2104E+02
6.051453E+00  2.7166E+02
6.469004E+00  2.3017E+02
6.915365E+00  1.9455E+02
7.392525E+00  1.6420E+02
7.902609E+00  1.3876E+02
8.447890E+00  1.1747E+02
8.764728E+00  1.0700E+02
8.898882E+00  1.0297E+02
8.934656E+00  1.0182E+02
8.988318E+00  2.8220E+02
9.030794E+00  2.7791E+02
9.122472E+00  2.6895E+02
9.653919E+00  2.2567E+02
9.778636E+00  2.1744E+02
9.928309E+00  2.0821E+02
9.968222E+00  2.0586E+02
1.002809E+01  2.8424E+02
1.017776E+01  2.7208E+02
1.027667E+01  2.6446E+02
1.032004E+01  2.6122E+02
1.043397E+01  2.5298E+02
1.047591E+01  2.5005E+02
1.053883E+01  2.8511E+02
1.069613E+01  2.7434E+02
1.103212E+01  2.5345E+02
1.179334E+01  2.1388E+02
1.260708E+01  1.8015E+02
1.347697E+01  1.5146E+02
1.440688E+01  1.2700E+02
1.540095E+01  1.0642E+02
1.646362E+01  8.9170E+01
1.759961E+01  7.4747E+01
1.881398E+01  6.2595E+01
2.011215E+01  5.2432E+01
2.149988E+01  4.3875E+01
2.298338E+01  3.6699E+01
2.456923E+01  3.0723E+01
2.626450E+01  2.5742E+01
2.807676E+01  2.1413E+01
3.001405E+01  1.7780E+01
3.208502E+01  1.4776E+01
3.429889E+01  1.2289E+01
3.666551E+01  1.0228E+01
3.919543E+01  8.5168E+00
4.189992E+01  7.0830E+00
4.479101E+01  5.8890E+00
4.788159E+01  4.8798E+00
5.118542E+01  4.0421E+00
5.471721E+01  3.3479E+00
5.849270E+01  2.7750E+00
6.010565E+01  2.5712E+00
6.102564E+01  2.4641E+00
6.127097E+01  2.4366E+00
6.163896E+01  1.2890E+01
6.252870E+01  1.2430E+01
6.255894E+01  1.2414E+01
6.684318E+01  1.0469E+01
7.145536E+01  8.7868E+00
7.638578E+01  7.3706E+00
8.165640E+01  6.1750E+00
8.729069E+01  5.1554E+00
9.331374E+01  4.3047E+00
9.975239E+01  3.5949E+00
1.066353E+02  3.0026E+00
1.139931E+02  2.5081E+00
1.218587E+02  2.0954E+00
1.302669E+02  1.7439E+00
1.392553E+02  1.4509E+00
1.488640E+02  1.2072E+00
1.591356E+02  1.0046E+00
1.701159E+02  8.3605E-01
1.818539E+02  6.9584E-01
1.944018E+02  5.7920E-01
2.078156E+02  4.8215E-01
2.221548E+02  4.0139E-01
2.374835E+02  3.3419E-01
2.538699E+02  2.7826E-01
2.713869E+02  2.3216E-01
2.901126E+02  1.9457E-01
3.101304E+02  1.6308E-01
3.315294E+02  1.3669E-01
3.544049E+02  1.1458E-01
3.788588E+02  9.6057E-02
4.050001E+02  8.0531E-02
4.329451E+02  6.7518E-02